<?xml version="1.0"?>
<partition guid="672603B6-0256-44F9-A0BA-99F82B366485" primaryInstance="9445D1BC-AF23-4E33-B1FC-2938BAD74723" exportMode="All">
	<instance guid="9312EA89-A728-469B-8AC9-3863CF044757" type="Entity.EffectAsset">
		<field name="Name">FX/Ambient/LevelSpecific/SP01/FX_Amb_SP01_SubMarine_Waterwake</field>
		<field name="MemoryReportGroup">MemoryReportGroup_default</field>
		<array name="Objects" />
		<array name="EventConnections" />
		<array name="DataConnections" />
		<field ref="null" name="Descriptor" />
		<field ref="9445d1bc-af23-4e33-b1fc-2938bad74723" name="Object" />
	</instance>
	<instance guid="9445D1BC-AF23-4E33-B1FC-2938BAD74723" type="Entity.EffectEntityData" id="FX_Amb_SP01_SubMarine_Waterwake">
		<array name="Components">
			<item ref="8afa482a-c720-4a30-a188-6241ee15f629" />
			<item ref="c1dc50ad-a779-4122-86a6-90301eb25bd1" />
			<item ref="c5e4f83e-422f-4482-a5d7-dee6bcc8982c" />
			<item ref="acdb4c2c-2864-487b-93cb-f2ba04f2d7c8" />
			<item ref="e5f2d17c-12cc-4c3d-81dc-ee5338b89bbd" />
			<item ref="739c8cb0-424a-40ad-859a-e7e70e01578f" />
			<item ref="e2ea8a74-66ca-41ee-9d21-df32716195db" />
			<item ref="efb6c041-06a4-4f0c-ac80-1afdeaa96737" />
			<item ref="6703e4c1-f77a-41be-b4e4-8065d52bf35d" />
			<item ref="eef93935-c08b-4a55-ac07-6b244b79e81a" />
			<item ref="47470509-7547-4559-828e-7544471adb5e" />
			<item ref="55e471e5-17b6-43b6-a836-6be93441ee0b" />
			<item ref="4c1edd04-bc4a-4b1d-a9f7-7c513961356c" />
			<item ref="87d84b2a-bd07-4fa4-a32e-9ac0b561fd7d" />
			<item ref="2cad7b58-9551-428a-8b7c-c4176c8c887b" />
		</array>
		<field name="Enumeration">0</field>
		<field name="Name" />
		<complex name="Transform">1.0/0/0/*nonzero*/0/1.0/0/*nonzero*/0/0/1.0/*nonzero*/0/0/0/*nonzero*</complex>
		<field name="MaxInstanceCount">30</field>
		<field name="CullDistance">0</field>
		<field name="ResetInstanceWhenStarted">true</field>
		<field name="TriggerPostEffect">false</field>
		<field name="PostEffectContrastOffset">0</field>
		<complex name="PostEffectBrightnessOffset">0/0/0/*nonzero*</complex>
		<field name="PostEffectFadeInTime">0</field>
		<field name="PostEffectFadeOutTime">0</field>
		<field name="PostEffectSizeScale">1.0</field>
		<field name="PostEffectDistanceFallof">0.00999999977648</field>
	</instance>
	<instance guid="8AFA482A-C720-4A30-A188-6241EE15F629" type="Emitter.EmitterEntityData">
		<array name="Components" />
		<field name="Enumeration">0</field>
		<field name="Name" />
		<complex name="Transform">0.998136162758/0/-0.0610257685184/*nonzero*/0/1.0/0/*nonzero*/0.0610257685184/0/0.998136162758/*nonzero*/-3.39251613617/-4.0/34.0/*nonzero*</complex>
		<field name="MaxInstanceCount">30</field>
		<field name="CullDistance">0</field>
		<field name="ResetInstanceWhenStarted">true</field>
		<field name="TriggerPostEffect">false</field>
		<field name="PostEffectContrastOffset">0</field>
		<complex name="PostEffectBrightnessOffset">0/0/0/*nonzero*</complex>
		<field name="PostEffectFadeInTime">0</field>
		<field name="PostEffectFadeOutTime">0</field>
		<field name="PostEffectSizeScale">1.0</field>
		<field name="PostEffectDistanceFallof">0.00999999977648</field>
		<field name="MoveEmitterInSpiral">false</field>
		<field name="ShootEmitterFromCamera">false</field>
		<field name="SpawnCompositeMeshPart">false</field>
		<field name="CompositeMeshPartIndex">-1</field>
		<field name="StartStop">true</field>
		<field name="Pause">false</field>
		<field ref="fx/ambient/levelspecific/sp01/emitters/em_sp01_submarine_water_mist/90dcc965-4342-460c-9d9b-16e120e920db" name="Emitter" />
		<field name="SpawnProbability">1.0</field>
	</instance>
	<instance guid="C1DC50AD-A779-4122-86A6-90301EB25BD1" type="Emitter.EmitterEntityData">
		<array name="Components" />
		<field name="Enumeration">0</field>
		<field name="Name" />
		<complex name="Transform">0.999734580517/0/0.0230395905674/*nonzero*/0/1.0/0/*nonzero*/-0.0230395905674/0/0.999734580517/*nonzero*/-4.81108570099/-4.0/-17.9939231873/*nonzero*</complex>
		<field name="MaxInstanceCount">30</field>
		<field name="CullDistance">0</field>
		<field name="ResetInstanceWhenStarted">true</field>
		<field name="TriggerPostEffect">false</field>
		<field name="PostEffectContrastOffset">0</field>
		<complex name="PostEffectBrightnessOffset">0/0/0/*nonzero*</complex>
		<field name="PostEffectFadeInTime">0</field>
		<field name="PostEffectFadeOutTime">0</field>
		<field name="PostEffectSizeScale">1.0</field>
		<field name="PostEffectDistanceFallof">0.00999999977648</field>
		<field name="MoveEmitterInSpiral">false</field>
		<field name="ShootEmitterFromCamera">false</field>
		<field name="SpawnCompositeMeshPart">false</field>
		<field name="CompositeMeshPartIndex">-1</field>
		<field name="StartStop">true</field>
		<field name="Pause">false</field>
		<field ref="fx/ambient/levelspecific/sp01/emitters/em_sp01_submarine_water_mist/90dcc965-4342-460c-9d9b-16e120e920db" name="Emitter" />
		<field name="SpawnProbability">1.0</field>
	</instance>
	<instance guid="C5E4F83E-422F-4482-A5D7-DEE6BCC8982C" type="Emitter.EmitterEntityData">
		<array name="Components" />
		<field name="Enumeration">0</field>
		<field name="Name" />
		<complex name="Transform">0.995746612549/0/-0.0921339541674/*nonzero*/0/1.0/0/*nonzero*/0.0921339541674/0/0.995746612549/*nonzero*/-4.76004123688/-4.0/12.0906486511/*nonzero*</complex>
		<field name="MaxInstanceCount">30</field>
		<field name="CullDistance">0</field>
		<field name="ResetInstanceWhenStarted">true</field>
		<field name="TriggerPostEffect">false</field>
		<field name="PostEffectContrastOffset">0</field>
		<complex name="PostEffectBrightnessOffset">0/0/0/*nonzero*</complex>
		<field name="PostEffectFadeInTime">0</field>
		<field name="PostEffectFadeOutTime">0</field>
		<field name="PostEffectSizeScale">1.0</field>
		<field name="PostEffectDistanceFallof">0.00999999977648</field>
		<field name="MoveEmitterInSpiral">false</field>
		<field name="ShootEmitterFromCamera">false</field>
		<field name="SpawnCompositeMeshPart">false</field>
		<field name="CompositeMeshPartIndex">-1</field>
		<field name="StartStop">true</field>
		<field name="Pause">false</field>
		<field ref="fx/ambient/levelspecific/sp01/emitters/em_sp01_submarine_water_mist/90dcc965-4342-460c-9d9b-16e120e920db" name="Emitter" />
		<field name="SpawnProbability">1.0</field>
	</instance>
	<instance guid="ACDB4C2C-2864-487B-93CB-F2BA04F2D7C8" type="Emitter.EmitterEntityData">
		<array name="Components" />
		<field name="Enumeration">0</field>
		<field name="Name" />
		<complex name="Transform">0.368958592415/0.604344308376/0.706142246723/*nonzero*/-0.279868900776/0.796723008156/-0.535635650158/*nonzero*/-0.886308252811/4.97634573549e-08/0.463095068932/*nonzero*/-1.26529300213/-4.0/52.9483985901/*nonzero*</complex>
		<field name="MaxInstanceCount">30</field>
		<field name="CullDistance">0</field>
		<field name="ResetInstanceWhenStarted">true</field>
		<field name="TriggerPostEffect">false</field>
		<field name="PostEffectContrastOffset">0</field>
		<complex name="PostEffectBrightnessOffset">0/0/0/*nonzero*</complex>
		<field name="PostEffectFadeInTime">0</field>
		<field name="PostEffectFadeOutTime">0</field>
		<field name="PostEffectSizeScale">1.0</field>
		<field name="PostEffectDistanceFallof">0.00999999977648</field>
		<field name="MoveEmitterInSpiral">false</field>
		<field name="ShootEmitterFromCamera">false</field>
		<field name="SpawnCompositeMeshPart">false</field>
		<field name="CompositeMeshPartIndex">-1</field>
		<field name="StartStop">true</field>
		<field name="Pause">false</field>
		<field ref="fx/ambient/levelspecific/sp01/emitters/em_sp01_submarine_water_sprayarm/d86df268-305e-4861-aa26-5fff619b0011" name="Emitter" />
		<field name="SpawnProbability">1.0</field>
	</instance>
	<instance guid="E5F2D17C-12CC-4C3D-81DC-EE5338B89BBD" type="Emitter.EmitterEntityData">
		<array name="Components" />
		<field name="Enumeration">0</field>
		<field name="Name" />
		<complex name="Transform">0.368958443403/-0.60434448719/-0.706142306328/*nonzero*/0.279868930578/0.796723008156/-0.535635828972/*nonzero*/0.886308431625/-1.26557715419e-08/0.463095009327/*nonzero*/1.26529335976/-4.0/52.9483985901/*nonzero*</complex>
		<field name="MaxInstanceCount">30</field>
		<field name="CullDistance">0</field>
		<field name="ResetInstanceWhenStarted">true</field>
		<field name="TriggerPostEffect">false</field>
		<field name="PostEffectContrastOffset">0</field>
		<complex name="PostEffectBrightnessOffset">0/0/0/*nonzero*</complex>
		<field name="PostEffectFadeInTime">0</field>
		<field name="PostEffectFadeOutTime">0</field>
		<field name="PostEffectSizeScale">1.0</field>
		<field name="PostEffectDistanceFallof">0.00999999977648</field>
		<field name="MoveEmitterInSpiral">false</field>
		<field name="ShootEmitterFromCamera">false</field>
		<field name="SpawnCompositeMeshPart">false</field>
		<field name="CompositeMeshPartIndex">-1</field>
		<field name="StartStop">true</field>
		<field name="Pause">false</field>
		<field ref="fx/ambient/levelspecific/sp01/emitters/em_sp01_submarine_water_sprayarm_02/89e70d8a-2a36-4b92-9513-8b5e8b1010fc" name="Emitter" />
		<field name="SpawnProbability">1.0</field>
	</instance>
	<instance guid="739C8CB0-424A-40AD-859A-E7E70E01578F" type="Emitter.EmitterEntityData">
		<array name="Components" />
		<field name="Enumeration">0</field>
		<field name="Name" />
		<complex name="Transform">0.477495700121/0.243856519461/0.84411585331/*nonzero*/-0.443544924259/0.896216392517/-0.00800533499569/*nonzero*/-0.758462607861/-0.370580852032/0.536100804806/*nonzero*/-0.282794296741/-3.99999928474/56.7487678528/*nonzero*</complex>
		<field name="MaxInstanceCount">30</field>
		<field name="CullDistance">0</field>
		<field name="ResetInstanceWhenStarted">true</field>
		<field name="TriggerPostEffect">false</field>
		<field name="PostEffectContrastOffset">0</field>
		<complex name="PostEffectBrightnessOffset">0/0/0/*nonzero*</complex>
		<field name="PostEffectFadeInTime">0</field>
		<field name="PostEffectFadeOutTime">0</field>
		<field name="PostEffectSizeScale">1.0</field>
		<field name="PostEffectDistanceFallof">0.00999999977648</field>
		<field name="MoveEmitterInSpiral">false</field>
		<field name="ShootEmitterFromCamera">false</field>
		<field name="SpawnCompositeMeshPart">false</field>
		<field name="CompositeMeshPartIndex">-1</field>
		<field name="StartStop">true</field>
		<field name="Pause">false</field>
		<field ref="fx/ambient/levelspecific/sp01/emitters/em_sp01_submarine_water_sprayarm/d86df268-305e-4861-aa26-5fff619b0011" name="Emitter" />
		<field name="SpawnProbability">1.0</field>
	</instance>
	<instance guid="E2EA8A74-66CA-41EE-9D21-DF32716195DB" type="Emitter.EmitterEntityData">
		<array name="Components" />
		<field name="Enumeration">0</field>
		<field name="Name" />
		<complex name="Transform">0.0830348208547/0.903564214706/0.42032918334/*nonzero*/-0.386156946421/0.418005943298/-0.822285592556/*nonzero*/-0.918687999249/-0.0940348803997/0.383626848459/*nonzero*/-1.7865986824/-3.99999666214/48.5188865662/*nonzero*</complex>
		<field name="MaxInstanceCount">30</field>
		<field name="CullDistance">0</field>
		<field name="ResetInstanceWhenStarted">true</field>
		<field name="TriggerPostEffect">false</field>
		<field name="PostEffectContrastOffset">0</field>
		<complex name="PostEffectBrightnessOffset">0/0/0/*nonzero*</complex>
		<field name="PostEffectFadeInTime">0</field>
		<field name="PostEffectFadeOutTime">0</field>
		<field name="PostEffectSizeScale">1.0</field>
		<field name="PostEffectDistanceFallof">0.00999999977648</field>
		<field name="MoveEmitterInSpiral">false</field>
		<field name="ShootEmitterFromCamera">false</field>
		<field name="SpawnCompositeMeshPart">false</field>
		<field name="CompositeMeshPartIndex">-1</field>
		<field name="StartStop">true</field>
		<field name="Pause">false</field>
		<field ref="fx/ambient/levelspecific/sp01/emitters/em_sp01_submarine_water_sprayarm/d86df268-305e-4861-aa26-5fff619b0011" name="Emitter" />
		<field name="SpawnProbability">1.0</field>
	</instance>
	<instance guid="EFB6C041-06A4-4F0C-AC80-1AFDEAA96737" type="Emitter.EmitterEntityData">
		<array name="Components" />
		<field name="Enumeration">0</field>
		<field name="Name" />
		<complex name="Transform">-0.999999523163/-6.6174433227e-24/-1.22460595678e-16/*nonzero*/1.22460608912e-16/1.78813905904e-07/-0.999999761581/*nonzero*/1.91990474312e-23/-0.999999761581/3.4228538226e-08/*nonzero*/0/-3.5/45.5547790527/*nonzero*</complex>
		<field name="MaxInstanceCount">30</field>
		<field name="CullDistance">0</field>
		<field name="ResetInstanceWhenStarted">true</field>
		<field name="TriggerPostEffect">false</field>
		<field name="PostEffectContrastOffset">0</field>
		<complex name="PostEffectBrightnessOffset">0/0/0/*nonzero*</complex>
		<field name="PostEffectFadeInTime">0</field>
		<field name="PostEffectFadeOutTime">0</field>
		<field name="PostEffectSizeScale">1.0</field>
		<field name="PostEffectDistanceFallof">0.00999999977648</field>
		<field name="MoveEmitterInSpiral">false</field>
		<field name="ShootEmitterFromCamera">false</field>
		<field name="SpawnCompositeMeshPart">false</field>
		<field name="CompositeMeshPartIndex">-1</field>
		<field name="StartStop">true</field>
		<field name="Pause">false</field>
		<field ref="fx/ambient/levelspecific/sp01/emitters/em_sp01_submarine_water_wake/f34c5390-c88c-42ce-abd0-30de53c083e8" name="Emitter" />
		<field name="SpawnProbability">1.0</field>
	</instance>
	<instance guid="6703E4C1-F77A-41BE-B4E4-8065D52BF35D" type="Emitter.EmitterEntityData">
		<array name="Components" />
		<field name="Enumeration">0</field>
		<field name="Name" />
		<complex name="Transform">0.990758419037/0/0.135638311505/*nonzero*/0/1.0/0/*nonzero*/-0.135638311505/0/0.990758419037/*nonzero*/-2.73721122742/-4.0/-44.2294540405/*nonzero*</complex>
		<field name="MaxInstanceCount">30</field>
		<field name="CullDistance">0</field>
		<field name="ResetInstanceWhenStarted">true</field>
		<field name="TriggerPostEffect">false</field>
		<field name="PostEffectContrastOffset">0</field>
		<complex name="PostEffectBrightnessOffset">0/0/0/*nonzero*</complex>
		<field name="PostEffectFadeInTime">0</field>
		<field name="PostEffectFadeOutTime">0</field>
		<field name="PostEffectSizeScale">1.0</field>
		<field name="PostEffectDistanceFallof">0.00999999977648</field>
		<field name="MoveEmitterInSpiral">false</field>
		<field name="ShootEmitterFromCamera">false</field>
		<field name="SpawnCompositeMeshPart">false</field>
		<field name="CompositeMeshPartIndex">-1</field>
		<field name="StartStop">true</field>
		<field name="Pause">false</field>
		<field ref="fx/ambient/levelspecific/sp01/emitters/em_sp01_submarine_water_mist/90dcc965-4342-460c-9d9b-16e120e920db" name="Emitter" />
		<field name="SpawnProbability">1.0</field>
	</instance>
	<instance guid="EEF93935-C08B-4A55-AC07-6B244B79E81A" type="Emitter.EmitterEntityData">
		<array name="Components" />
		<field name="Enumeration">0</field>
		<field name="Name" />
		<complex name="Transform">0.477495670319/0.243856534362/-0.844115912914/*nonzero*/0.221637383103/0.896216332912/0.384282559156/*nonzero*/0.850220322609/-0.370580911636/0.373891711235/*nonzero*/0.282794296741/-4.0/56.7487716675/*nonzero*</complex>
		<field name="MaxInstanceCount">30</field>
		<field name="CullDistance">0</field>
		<field name="ResetInstanceWhenStarted">true</field>
		<field name="TriggerPostEffect">false</field>
		<field name="PostEffectContrastOffset">0</field>
		<complex name="PostEffectBrightnessOffset">0/0/0/*nonzero*</complex>
		<field name="PostEffectFadeInTime">0</field>
		<field name="PostEffectFadeOutTime">0</field>
		<field name="PostEffectSizeScale">1.0</field>
		<field name="PostEffectDistanceFallof">0.00999999977648</field>
		<field name="MoveEmitterInSpiral">false</field>
		<field name="ShootEmitterFromCamera">false</field>
		<field name="SpawnCompositeMeshPart">false</field>
		<field name="CompositeMeshPartIndex">-1</field>
		<field name="StartStop">true</field>
		<field name="Pause">false</field>
		<field ref="fx/ambient/levelspecific/sp01/emitters/em_sp01_submarine_water_sprayarm_02/89e70d8a-2a36-4b92-9513-8b5e8b1010fc" name="Emitter" />
		<field name="SpawnProbability">1.0</field>
	</instance>
	<instance guid="47470509-7547-4559-828E-7544471ADB5E" type="Emitter.EmitterEntityData">
		<array name="Components" />
		<field name="Enumeration">0</field>
		<field name="Name" />
		<complex name="Transform">0.0830349996686/-0.903564035892/-0.420329481363/*nonzero*/0.386157095432/0.418006271124/-0.822285354137/*nonzero*/0.918687939644/-0.0940349325538/0.383626997471/*nonzero*/1.78659904003/-4.0/48.5188903809/*nonzero*</complex>
		<field name="MaxInstanceCount">30</field>
		<field name="CullDistance">0</field>
		<field name="ResetInstanceWhenStarted">true</field>
		<field name="TriggerPostEffect">false</field>
		<field name="PostEffectContrastOffset">0</field>
		<complex name="PostEffectBrightnessOffset">0/0/0/*nonzero*</complex>
		<field name="PostEffectFadeInTime">0</field>
		<field name="PostEffectFadeOutTime">0</field>
		<field name="PostEffectSizeScale">1.0</field>
		<field name="PostEffectDistanceFallof">0.00999999977648</field>
		<field name="MoveEmitterInSpiral">false</field>
		<field name="ShootEmitterFromCamera">false</field>
		<field name="SpawnCompositeMeshPart">false</field>
		<field name="CompositeMeshPartIndex">-1</field>
		<field name="StartStop">true</field>
		<field name="Pause">false</field>
		<field ref="fx/ambient/levelspecific/sp01/emitters/em_sp01_submarine_water_sprayarm_02/89e70d8a-2a36-4b92-9513-8b5e8b1010fc" name="Emitter" />
		<field name="SpawnProbability">1.0</field>
	</instance>
	<instance guid="55E471E5-17B6-43B6-A836-6BE93441EE0B" type="Emitter.EmitterEntityData">
		<array name="Components" />
		<field name="Enumeration">0</field>
		<field name="Name" />
		<complex name="Transform">0.995746612549/0/0.0921339616179/*nonzero*/0/1.0/0/*nonzero*/-0.0921339616179/0/0.995746612549/*nonzero*/4.19430541992/-4.0/12.0906496048/*nonzero*</complex>
		<field name="MaxInstanceCount">30</field>
		<field name="CullDistance">0</field>
		<field name="ResetInstanceWhenStarted">true</field>
		<field name="TriggerPostEffect">false</field>
		<field name="PostEffectContrastOffset">0</field>
		<complex name="PostEffectBrightnessOffset">0/0/0/*nonzero*</complex>
		<field name="PostEffectFadeInTime">0</field>
		<field name="PostEffectFadeOutTime">0</field>
		<field name="PostEffectSizeScale">1.0</field>
		<field name="PostEffectDistanceFallof">0.00999999977648</field>
		<field name="MoveEmitterInSpiral">false</field>
		<field name="ShootEmitterFromCamera">false</field>
		<field name="SpawnCompositeMeshPart">false</field>
		<field name="CompositeMeshPartIndex">-1</field>
		<field name="StartStop">true</field>
		<field name="Pause">false</field>
		<field ref="fx/ambient/levelspecific/sp01/emitters/em_sp01_submarine_water_mist/90dcc965-4342-460c-9d9b-16e120e920db" name="Emitter" />
		<field name="SpawnProbability">1.0</field>
	</instance>
	<instance guid="4C1EDD04-BC4A-4B1D-A9F7-7C513961356C" type="Emitter.EmitterEntityData">
		<array name="Components" />
		<field name="Enumeration">0</field>
		<field name="Name" />
		<complex name="Transform">0.998136162758/0/0.0610257647932/*nonzero*/0/1.0/0/*nonzero*/-0.0610257647932/0/0.998136162758/*nonzero*/3.39251589775/-4.0/34.0/*nonzero*</complex>
		<field name="MaxInstanceCount">30</field>
		<field name="CullDistance">0</field>
		<field name="ResetInstanceWhenStarted">true</field>
		<field name="TriggerPostEffect">false</field>
		<field name="PostEffectContrastOffset">0</field>
		<complex name="PostEffectBrightnessOffset">0/0/0/*nonzero*</complex>
		<field name="PostEffectFadeInTime">0</field>
		<field name="PostEffectFadeOutTime">0</field>
		<field name="PostEffectSizeScale">1.0</field>
		<field name="PostEffectDistanceFallof">0.00999999977648</field>
		<field name="MoveEmitterInSpiral">false</field>
		<field name="ShootEmitterFromCamera">false</field>
		<field name="SpawnCompositeMeshPart">false</field>
		<field name="CompositeMeshPartIndex">-1</field>
		<field name="StartStop">true</field>
		<field name="Pause">false</field>
		<field ref="fx/ambient/levelspecific/sp01/emitters/em_sp01_submarine_water_mist/90dcc965-4342-460c-9d9b-16e120e920db" name="Emitter" />
		<field name="SpawnProbability">1.0</field>
	</instance>
	<instance guid="87D84B2A-BD07-4FA4-A32E-9AC0B561FD7D" type="Emitter.EmitterEntityData">
		<array name="Components" />
		<field name="Enumeration">0</field>
		<field name="Name" />
		<complex name="Transform">0.999789059162/0/-0.0205401014537/*nonzero*/0/1.0/0/*nonzero*/0.0205401014537/0/0.999789059162/*nonzero*/4.77554512024/-4.0/-17.9947090149/*nonzero*</complex>
		<field name="MaxInstanceCount">30</field>
		<field name="CullDistance">0</field>
		<field name="ResetInstanceWhenStarted">true</field>
		<field name="TriggerPostEffect">false</field>
		<field name="PostEffectContrastOffset">0</field>
		<complex name="PostEffectBrightnessOffset">0/0/0/*nonzero*</complex>
		<field name="PostEffectFadeInTime">0</field>
		<field name="PostEffectFadeOutTime">0</field>
		<field name="PostEffectSizeScale">1.0</field>
		<field name="PostEffectDistanceFallof">0.00999999977648</field>
		<field name="MoveEmitterInSpiral">false</field>
		<field name="ShootEmitterFromCamera">false</field>
		<field name="SpawnCompositeMeshPart">false</field>
		<field name="CompositeMeshPartIndex">-1</field>
		<field name="StartStop">true</field>
		<field name="Pause">false</field>
		<field ref="fx/ambient/levelspecific/sp01/emitters/em_sp01_submarine_water_mist/90dcc965-4342-460c-9d9b-16e120e920db" name="Emitter" />
		<field name="SpawnProbability">1.0</field>
	</instance>
	<instance guid="2CAD7B58-9551-428A-8B7C-C4176C8C887B" type="Emitter.EmitterEntityData">
		<array name="Components" />
		<field name="Enumeration">0</field>
		<field name="Name" />
		<complex name="Transform">0.995305716991/0/-0.0967810153961/*nonzero*/0/1.0/0/*nonzero*/0.0967810153961/0/0.995305716991/*nonzero*/2.74080085754/-4.0/-44.229839325/*nonzero*</complex>
		<field name="MaxInstanceCount">30</field>
		<field name="CullDistance">0</field>
		<field name="ResetInstanceWhenStarted">true</field>
		<field name="TriggerPostEffect">false</field>
		<field name="PostEffectContrastOffset">0</field>
		<complex name="PostEffectBrightnessOffset">0/0/0/*nonzero*</complex>
		<field name="PostEffectFadeInTime">0</field>
		<field name="PostEffectFadeOutTime">0</field>
		<field name="PostEffectSizeScale">1.0</field>
		<field name="PostEffectDistanceFallof">0.00999999977648</field>
		<field name="MoveEmitterInSpiral">false</field>
		<field name="ShootEmitterFromCamera">false</field>
		<field name="SpawnCompositeMeshPart">false</field>
		<field name="CompositeMeshPartIndex">-1</field>
		<field name="StartStop">true</field>
		<field name="Pause">false</field>
		<field ref="fx/ambient/levelspecific/sp01/emitters/em_sp01_submarine_water_mist/90dcc965-4342-460c-9d9b-16e120e920db" name="Emitter" />
		<field name="SpawnProbability">1.0</field>
	</instance>
</partition>
