<?xml version="1.0"?>
<partition guid="0EAE374B-B351-4EB3-85E6-1A78968D6B8F" primaryInstance="72062AAA-6B46-4037-BEB5-B2B268D822D2" exportMode="All">
	<instance guid="8C2EBD08-855B-4003-9B9B-B339B781CF10" type="Entity.EffectAsset">
		<field name="Name">FX/Ambient/LevelSpecific/SP01/FX_SP01_BoatRide_WaterFX</field>
		<field name="MemoryReportGroup">MemoryReportGroup_default</field>
		<array name="Objects" />
		<array name="EventConnections" />
		<array name="DataConnections" />
		<field ref="null" name="Descriptor" />
		<field ref="72062aaa-6b46-4037-beb5-b2b268d822d2" name="Object" />
	</instance>
	<instance guid="72062AAA-6B46-4037-BEB5-B2B268D822D2" type="Entity.EffectEntityData" id="FX_SP01_BoatRide_WaterFX">
		<array name="Components">
			<item ref="700a21b0-e29b-4f1c-9a08-fa10a590d9eb" />
			<item ref="e16bc1ba-c6df-4ccb-b0a9-a7c1c892ac11" />
			<item ref="8938d10b-2891-463a-a8b9-9c9c3cc2c290" />
			<item ref="03764187-eabe-423e-9ad8-a05f3e21c00e" />
			<item ref="709b5daf-be7d-4ceb-8aff-4691d3ed9c6e" />
			<item ref="67f4f3f7-a96d-41c3-b414-405ffbfde681" />
		</array>
		<field name="Enumeration">0</field>
		<field name="Name" />
		<complex name="Transform">1.0/0/0/*nonzero*/0/1.0/0/*nonzero*/0/0/1.0/*nonzero*/0/0/0/*nonzero*</complex>
		<field name="MaxInstanceCount">50</field>
		<field name="CullDistance">0</field>
		<field name="ResetInstanceWhenStarted">true</field>
		<field name="TriggerPostEffect">false</field>
		<field name="PostEffectContrastOffset">0</field>
		<complex name="PostEffectBrightnessOffset">0/0/0/*nonzero*</complex>
		<field name="PostEffectFadeInTime">0</field>
		<field name="PostEffectFadeOutTime">0</field>
		<field name="PostEffectSizeScale">1.0</field>
		<field name="PostEffectDistanceFallof">0.00999999977648</field>
	</instance>
	<instance guid="700A21B0-E29B-4F1C-9A08-FA10A590D9EB" type="Emitter.EmitterEntityData">
		<array name="Components" />
		<field name="Enumeration">0</field>
		<field name="Name" />
		<complex name="Transform">0.817765712738/0.534499704838/-0.213469192386/*nonzero*/-0.57555103302/0.759632527828/-0.302818894386/*nonzero*/0.000301507301629/0.370497375727/0.92883348465/*nonzero*/-0.649999976158/0/2.40000009537/*nonzero*</complex>
		<field name="MaxInstanceCount">30</field>
		<field name="CullDistance">0</field>
		<field name="ResetInstanceWhenStarted">true</field>
		<field name="TriggerPostEffect">false</field>
		<field name="PostEffectContrastOffset">0</field>
		<complex name="PostEffectBrightnessOffset">0/0/0/*nonzero*</complex>
		<field name="PostEffectFadeInTime">0</field>
		<field name="PostEffectFadeOutTime">0</field>
		<field name="PostEffectSizeScale">1.0</field>
		<field name="PostEffectDistanceFallof">0.00999999977648</field>
		<field name="MoveEmitterInSpiral">false</field>
		<field name="ShootEmitterFromCamera">false</field>
		<field name="SpawnCompositeMeshPart">false</field>
		<field name="CompositeMeshPartIndex">-1</field>
		<field name="StartStop">true</field>
		<field name="Pause">false</field>
		<field ref="fx/ambient/levelspecific/sp01/emitters/em_sp01_boatride_water_mist/58bc588b-4170-4e7c-9d1f-24321e1ab28b" name="Emitter" />
		<field name="SpawnProbability">1.0</field>
	</instance>
	<instance guid="E16BC1BA-C6DF-4CCB-B0A9-A7C1C892AC11" type="Emitter.EmitterEntityData">
		<array name="Components" />
		<field name="Enumeration">0</field>
		<field name="Name" />
		<complex name="Transform">0.817765712738/0.534499704838/-0.213469192386/*nonzero*/-0.57555103302/0.759632527828/-0.302818894386/*nonzero*/0.000301507301629/0.370497375727/0.92883348465/*nonzero*/-0.649999976158/0/2.40000009537/*nonzero*</complex>
		<field name="MaxInstanceCount">30</field>
		<field name="CullDistance">0</field>
		<field name="ResetInstanceWhenStarted">true</field>
		<field name="TriggerPostEffect">false</field>
		<field name="PostEffectContrastOffset">0</field>
		<complex name="PostEffectBrightnessOffset">0/0/0/*nonzero*</complex>
		<field name="PostEffectFadeInTime">0</field>
		<field name="PostEffectFadeOutTime">0</field>
		<field name="PostEffectSizeScale">1.0</field>
		<field name="PostEffectDistanceFallof">0.00999999977648</field>
		<field name="MoveEmitterInSpiral">false</field>
		<field name="ShootEmitterFromCamera">false</field>
		<field name="SpawnCompositeMeshPart">false</field>
		<field name="CompositeMeshPartIndex">-1</field>
		<field name="StartStop">true</field>
		<field name="Pause">false</field>
		<field ref="fx/ambient/levelspecific/sp01/emitters/em_sp01_boatride_water_spray/29468c76-45ea-4a68-b7a4-1f1e3a3e853f" name="Emitter" />
		<field name="SpawnProbability">1.0</field>
	</instance>
	<instance guid="8938D10B-2891-463A-A8B9-9C9C3CC2C290" type="Emitter.EmitterEntityData">
		<array name="Components" />
		<field name="Enumeration">0</field>
		<field name="Name" />
		<complex name="Transform">0.843801438808/-0.534499764442/0.0480525717139/*nonzero*/0.504551947117/0.759632468224/-0.410348147154/*nonzero*/0.182828709483/0.370497405529/0.910661935806/*nonzero*/0.649999976158/6.40284270048e-08/2.40000009537/*nonzero*</complex>
		<field name="MaxInstanceCount">30</field>
		<field name="CullDistance">0</field>
		<field name="ResetInstanceWhenStarted">true</field>
		<field name="TriggerPostEffect">false</field>
		<field name="PostEffectContrastOffset">0</field>
		<complex name="PostEffectBrightnessOffset">0/0/0/*nonzero*</complex>
		<field name="PostEffectFadeInTime">0</field>
		<field name="PostEffectFadeOutTime">0</field>
		<field name="PostEffectSizeScale">1.0</field>
		<field name="PostEffectDistanceFallof">0.00999999977648</field>
		<field name="MoveEmitterInSpiral">false</field>
		<field name="ShootEmitterFromCamera">false</field>
		<field name="SpawnCompositeMeshPart">false</field>
		<field name="CompositeMeshPartIndex">-1</field>
		<field name="StartStop">true</field>
		<field name="Pause">false</field>
		<field ref="fx/ambient/levelspecific/sp01/emitters/em_sp01_boatride_water_mist/58bc588b-4170-4e7c-9d1f-24321e1ab28b" name="Emitter" />
		<field name="SpawnProbability">1.0</field>
	</instance>
	<instance guid="03764187-EABE-423E-9AD8-A05F3E21C00E" type="Emitter.EmitterEntityData">
		<array name="Components" />
		<field name="Enumeration">0</field>
		<field name="Name" />
		<complex name="Transform">0.843801438808/-0.534499764442/0.0480525717139/*nonzero*/0.504551947117/0.759632468224/-0.410348147154/*nonzero*/0.182828709483/0.370497405529/0.910661935806/*nonzero*/0.649999976158/6.40284270048e-08/2.40000009537/*nonzero*</complex>
		<field name="MaxInstanceCount">30</field>
		<field name="CullDistance">0</field>
		<field name="ResetInstanceWhenStarted">true</field>
		<field name="TriggerPostEffect">false</field>
		<field name="PostEffectContrastOffset">0</field>
		<complex name="PostEffectBrightnessOffset">0/0/0/*nonzero*</complex>
		<field name="PostEffectFadeInTime">0</field>
		<field name="PostEffectFadeOutTime">0</field>
		<field name="PostEffectSizeScale">1.0</field>
		<field name="PostEffectDistanceFallof">0.00999999977648</field>
		<field name="MoveEmitterInSpiral">false</field>
		<field name="ShootEmitterFromCamera">false</field>
		<field name="SpawnCompositeMeshPart">false</field>
		<field name="CompositeMeshPartIndex">-1</field>
		<field name="StartStop">true</field>
		<field name="Pause">false</field>
		<field ref="fx/ambient/levelspecific/sp01/emitters/em_sp01_boatride_water_spray/29468c76-45ea-4a68-b7a4-1f1e3a3e853f" name="Emitter" />
		<field name="SpawnProbability">1.0</field>
	</instance>
	<instance guid="709B5DAF-BE7D-4CEB-8AFF-4691D3ED9C6E" type="Emitter.EmitterEntityData">
		<array name="Components" />
		<field name="Enumeration">0</field>
		<field name="Name" />
		<complex name="Transform">0.866025447845/0.499999880791/3.97478387981e-08/*nonzero*/-0.449396908283/0.778378605843/-0.438371062279/*nonzero*/-0.219185516238/0.379640489817/0.898794054985/*nonzero*/-0.999999880791/0/0.499999940395/*nonzero*</complex>
		<field name="MaxInstanceCount">30</field>
		<field name="CullDistance">0</field>
		<field name="ResetInstanceWhenStarted">true</field>
		<field name="TriggerPostEffect">false</field>
		<field name="PostEffectContrastOffset">0</field>
		<complex name="PostEffectBrightnessOffset">0/0/0/*nonzero*</complex>
		<field name="PostEffectFadeInTime">0</field>
		<field name="PostEffectFadeOutTime">0</field>
		<field name="PostEffectSizeScale">1.0</field>
		<field name="PostEffectDistanceFallof">0.00999999977648</field>
		<field name="MoveEmitterInSpiral">false</field>
		<field name="ShootEmitterFromCamera">false</field>
		<field name="SpawnCompositeMeshPart">false</field>
		<field name="CompositeMeshPartIndex">-1</field>
		<field name="StartStop">true</field>
		<field name="Pause">false</field>
		<field ref="fx/ambient/levelspecific/sp01/emitters/em_sp01_boatride_water_mist/58bc588b-4170-4e7c-9d1f-24321e1ab28b" name="Emitter" />
		<field name="SpawnProbability">1.0</field>
	</instance>
	<instance guid="67F4F3F7-A96D-41C3-B414-405FFBFDE681" type="Emitter.EmitterEntityData">
		<array name="Components" />
		<field name="Enumeration">0</field>
		<field name="Name" />
		<complex name="Transform">0.843809306622/-0.534499824047/0.0479149371386/*nonzero*/0.504485070705/0.759632527828/-0.410430550575/*nonzero*/0.182977318764/0.370497465134/0.910632133484/*nonzero*/1.0/0/0.5/*nonzero*</complex>
		<field name="MaxInstanceCount">30</field>
		<field name="CullDistance">0</field>
		<field name="ResetInstanceWhenStarted">true</field>
		<field name="TriggerPostEffect">false</field>
		<field name="PostEffectContrastOffset">0</field>
		<complex name="PostEffectBrightnessOffset">0/0/0/*nonzero*</complex>
		<field name="PostEffectFadeInTime">0</field>
		<field name="PostEffectFadeOutTime">0</field>
		<field name="PostEffectSizeScale">1.0</field>
		<field name="PostEffectDistanceFallof">0.00999999977648</field>
		<field name="MoveEmitterInSpiral">false</field>
		<field name="ShootEmitterFromCamera">false</field>
		<field name="SpawnCompositeMeshPart">false</field>
		<field name="CompositeMeshPartIndex">-1</field>
		<field name="StartStop">true</field>
		<field name="Pause">false</field>
		<field ref="fx/ambient/levelspecific/sp01/emitters/em_sp01_boatride_water_mist/58bc588b-4170-4e7c-9d1f-24321e1ab28b" name="Emitter" />
		<field name="SpawnProbability">1.0</field>
	</instance>
</partition>
