<?xml version="1.0"?>
<partition guid="9F906EAB-2B89-4C8A-B837-1E76CF98EC16" primaryInstance="1C57E680-A78B-44B7-B907-06723DD3BC2D" exportMode="All">
	<instance guid="E61DC933-CD8B-4F39-81E9-003104076A12" type="Entity.EffectAsset">
		<field name="Name">FX/Ambient/LevelSpecific/SP01/FX_Sp01_BoatRide_WaterFX_Splash</field>
		<field name="MemoryReportGroup">MemoryReportGroup_default</field>
		<array name="Objects" />
		<array name="EventConnections" />
		<array name="DataConnections" />
		<field ref="null" name="Descriptor" />
		<field ref="1c57e680-a78b-44b7-b907-06723dd3bc2d" name="Object" />
	</instance>
	<instance guid="1C57E680-A78B-44B7-B907-06723DD3BC2D" type="Entity.EffectEntityData" id="FX_Sp01_BoatRide_WaterFX_Splash">
		<array name="Components">
			<item ref="f1a2794e-20a5-4dc1-aaec-95dd1dffa35f" />
			<item ref="f761a8ec-9221-48e6-8f55-d5dce97911dc" />
			<item ref="f5bb9e2a-d573-42e1-98e7-cd181e219369" />
			<item ref="e73fe4c9-7fb2-47fa-b932-791963bbde1d" />
			<item ref="52118bd2-4aa6-45d5-bfc0-dd62116017d6" />
			<item ref="2de1ebad-1199-4faf-a465-78fdace8b373" />
			<item ref="31c91202-c01b-436c-9148-aa15258a383f" />
			<item ref="da9f675f-e666-4936-a559-54217c87b1c8" />
		</array>
		<field name="Enumeration">0</field>
		<field name="Name" />
		<complex name="Transform">1.0/0/0/*nonzero*/0/1.0/0/*nonzero*/0/0/1.0/*nonzero*/0/0/0/*nonzero*</complex>
		<field name="MaxInstanceCount">50</field>
		<field name="CullDistance">0</field>
		<field name="ResetInstanceWhenStarted">true</field>
		<field name="TriggerPostEffect">false</field>
		<field name="PostEffectContrastOffset">0</field>
		<complex name="PostEffectBrightnessOffset">0/0/0/*nonzero*</complex>
		<field name="PostEffectFadeInTime">0</field>
		<field name="PostEffectFadeOutTime">0</field>
		<field name="PostEffectSizeScale">1.0</field>
		<field name="PostEffectDistanceFallof">0.00999999977648</field>
	</instance>
	<instance guid="F1A2794E-20A5-4DC1-AAEC-95DD1DFFA35F" type="Emitter.EmitterEntityData">
		<array name="Components" />
		<field name="Enumeration">0</field>
		<field name="Name" />
		<complex name="Transform">0.817765712738/0.534499704838/-0.213469192386/*nonzero*/-0.57555103302/0.759632527828/-0.302818894386/*nonzero*/0.000301507301629/0.370497375727/0.92883348465/*nonzero*/-0.649999976158/0/2.40000009537/*nonzero*</complex>
		<field name="MaxInstanceCount">30</field>
		<field name="CullDistance">0</field>
		<field name="ResetInstanceWhenStarted">true</field>
		<field name="TriggerPostEffect">false</field>
		<field name="PostEffectContrastOffset">0</field>
		<complex name="PostEffectBrightnessOffset">0/0/0/*nonzero*</complex>
		<field name="PostEffectFadeInTime">0</field>
		<field name="PostEffectFadeOutTime">0</field>
		<field name="PostEffectSizeScale">1.0</field>
		<field name="PostEffectDistanceFallof">0.00999999977648</field>
		<field name="MoveEmitterInSpiral">false</field>
		<field name="ShootEmitterFromCamera">false</field>
		<field name="SpawnCompositeMeshPart">false</field>
		<field name="CompositeMeshPartIndex">-1</field>
		<field name="StartStop">true</field>
		<field name="Pause">false</field>
		<field ref="fx/ambient/levelspecific/sp01/emitters/em_sp01_boatride_water_mist/58bc588b-4170-4e7c-9d1f-24321e1ab28b" name="Emitter" />
		<field name="SpawnProbability">1.0</field>
	</instance>
	<instance guid="F761A8EC-9221-48E6-8F55-D5DCE97911DC" type="Emitter.EmitterEntityData">
		<array name="Components" />
		<field name="Enumeration">0</field>
		<field name="Name" />
		<complex name="Transform">0.817765712738/0.534499704838/-0.213469192386/*nonzero*/-0.57555103302/0.759632527828/-0.302818894386/*nonzero*/0.000301507301629/0.370497375727/0.92883348465/*nonzero*/-0.649999976158/0/2.40000009537/*nonzero*</complex>
		<field name="MaxInstanceCount">30</field>
		<field name="CullDistance">0</field>
		<field name="ResetInstanceWhenStarted">true</field>
		<field name="TriggerPostEffect">false</field>
		<field name="PostEffectContrastOffset">0</field>
		<complex name="PostEffectBrightnessOffset">0/0/0/*nonzero*</complex>
		<field name="PostEffectFadeInTime">0</field>
		<field name="PostEffectFadeOutTime">0</field>
		<field name="PostEffectSizeScale">1.0</field>
		<field name="PostEffectDistanceFallof">0.00999999977648</field>
		<field name="MoveEmitterInSpiral">false</field>
		<field name="ShootEmitterFromCamera">false</field>
		<field name="SpawnCompositeMeshPart">false</field>
		<field name="CompositeMeshPartIndex">-1</field>
		<field name="StartStop">true</field>
		<field name="Pause">false</field>
		<field ref="fx/ambient/levelspecific/sp01/emitters/em_sp01_boatride_water_spraysplash/20fd21ea-3212-47db-a10d-24e7d687e673" name="Emitter" />
		<field name="SpawnProbability">1.0</field>
	</instance>
	<instance guid="F5BB9E2A-D573-42E1-98E7-CD181E219369" type="Emitter.EmitterEntityData">
		<array name="Components" />
		<field name="Enumeration">0</field>
		<field name="Name" />
		<complex name="Transform">0.843801438808/-0.534499764442/0.0480525717139/*nonzero*/0.504551947117/0.759632468224/-0.410348147154/*nonzero*/0.182828709483/0.370497405529/0.910661935806/*nonzero*/0.649999976158/6.40284270048e-08/2.40000009537/*nonzero*</complex>
		<field name="MaxInstanceCount">30</field>
		<field name="CullDistance">0</field>
		<field name="ResetInstanceWhenStarted">true</field>
		<field name="TriggerPostEffect">false</field>
		<field name="PostEffectContrastOffset">0</field>
		<complex name="PostEffectBrightnessOffset">0/0/0/*nonzero*</complex>
		<field name="PostEffectFadeInTime">0</field>
		<field name="PostEffectFadeOutTime">0</field>
		<field name="PostEffectSizeScale">1.0</field>
		<field name="PostEffectDistanceFallof">0.00999999977648</field>
		<field name="MoveEmitterInSpiral">false</field>
		<field name="ShootEmitterFromCamera">false</field>
		<field name="SpawnCompositeMeshPart">false</field>
		<field name="CompositeMeshPartIndex">-1</field>
		<field name="StartStop">true</field>
		<field name="Pause">false</field>
		<field ref="fx/ambient/levelspecific/sp01/emitters/em_sp01_boatride_water_mist/58bc588b-4170-4e7c-9d1f-24321e1ab28b" name="Emitter" />
		<field name="SpawnProbability">1.0</field>
	</instance>
	<instance guid="E73FE4C9-7FB2-47FA-B932-791963BBDE1D" type="Emitter.EmitterEntityData">
		<array name="Components" />
		<field name="Enumeration">0</field>
		<field name="Name" />
		<complex name="Transform">0.843801438808/-0.534499764442/0.0480525717139/*nonzero*/0.504551947117/0.759632468224/-0.410348147154/*nonzero*/0.182828709483/0.370497405529/0.910661935806/*nonzero*/0.649999976158/6.40284270048e-08/2.40000009537/*nonzero*</complex>
		<field name="MaxInstanceCount">30</field>
		<field name="CullDistance">0</field>
		<field name="ResetInstanceWhenStarted">true</field>
		<field name="TriggerPostEffect">false</field>
		<field name="PostEffectContrastOffset">0</field>
		<complex name="PostEffectBrightnessOffset">0/0/0/*nonzero*</complex>
		<field name="PostEffectFadeInTime">0</field>
		<field name="PostEffectFadeOutTime">0</field>
		<field name="PostEffectSizeScale">1.0</field>
		<field name="PostEffectDistanceFallof">0.00999999977648</field>
		<field name="MoveEmitterInSpiral">false</field>
		<field name="ShootEmitterFromCamera">false</field>
		<field name="SpawnCompositeMeshPart">false</field>
		<field name="CompositeMeshPartIndex">-1</field>
		<field name="StartStop">true</field>
		<field name="Pause">false</field>
		<field ref="fx/ambient/levelspecific/sp01/emitters/em_sp01_boatride_water_spraysplash/20fd21ea-3212-47db-a10d-24e7d687e673" name="Emitter" />
		<field name="SpawnProbability">1.0</field>
	</instance>
	<instance guid="52118BD2-4AA6-45D5-BFC0-DD62116017D6" type="Emitter.EmitterEntityData">
		<array name="Components" />
		<field name="Enumeration">0</field>
		<field name="Name" />
		<complex name="Transform">0.843801438808/-0.534499764442/0.0480525717139/*nonzero*/0.504551947117/0.759632468224/-0.410348147154/*nonzero*/0.182828709483/0.370497405529/0.910661935806/*nonzero*/0.649999976158/6.40284270048e-08/2.40000009537/*nonzero*</complex>
		<field name="MaxInstanceCount">30</field>
		<field name="CullDistance">0</field>
		<field name="ResetInstanceWhenStarted">true</field>
		<field name="TriggerPostEffect">false</field>
		<field name="PostEffectContrastOffset">0</field>
		<complex name="PostEffectBrightnessOffset">0/0/0/*nonzero*</complex>
		<field name="PostEffectFadeInTime">0</field>
		<field name="PostEffectFadeOutTime">0</field>
		<field name="PostEffectSizeScale">1.0</field>
		<field name="PostEffectDistanceFallof">0.00999999977648</field>
		<field name="MoveEmitterInSpiral">false</field>
		<field name="ShootEmitterFromCamera">false</field>
		<field name="SpawnCompositeMeshPart">false</field>
		<field name="CompositeMeshPartIndex">-1</field>
		<field name="StartStop">true</field>
		<field name="Pause">false</field>
		<field ref="fx/ambient/levelspecific/sp01/emitters/em_sp01_boatride_water_sprayarm/a1499d57-146e-4a12-a388-0ed79a481ae0" name="Emitter" />
		<field name="SpawnProbability">1.0</field>
	</instance>
	<instance guid="2DE1EBAD-1199-4FAF-A465-78FDACE8B373" type="Emitter.EmitterEntityData">
		<array name="Components" />
		<field name="Enumeration">0</field>
		<field name="Name" />
		<complex name="Transform">0.817765712738/0.534499824047/-0.213469237089/*nonzero*/-0.575551092625/0.759632468224/-0.302818894386/*nonzero*/0.000301501713693/0.370497405529/0.928833425045/*nonzero*/-0.649999976158/0/2.40000009537/*nonzero*</complex>
		<field name="MaxInstanceCount">30</field>
		<field name="CullDistance">0</field>
		<field name="ResetInstanceWhenStarted">true</field>
		<field name="TriggerPostEffect">false</field>
		<field name="PostEffectContrastOffset">0</field>
		<complex name="PostEffectBrightnessOffset">0/0/0/*nonzero*</complex>
		<field name="PostEffectFadeInTime">0</field>
		<field name="PostEffectFadeOutTime">0</field>
		<field name="PostEffectSizeScale">1.0</field>
		<field name="PostEffectDistanceFallof">0.00999999977648</field>
		<field name="MoveEmitterInSpiral">false</field>
		<field name="ShootEmitterFromCamera">false</field>
		<field name="SpawnCompositeMeshPart">false</field>
		<field name="CompositeMeshPartIndex">-1</field>
		<field name="StartStop">true</field>
		<field name="Pause">false</field>
		<field ref="fx/ambient/levelspecific/sp01/emitters/em_sp01_boatride_water_sprayarm/a1499d57-146e-4a12-a388-0ed79a481ae0" name="Emitter" />
		<field name="SpawnProbability">1.0</field>
	</instance>
	<instance guid="31C91202-C01B-436C-9148-AA15258A383F" type="Emitter.EmitterEntityData">
		<array name="Components" />
		<field name="Enumeration">0</field>
		<field name="Name" />
		<complex name="Transform">0.866025447845/0.499999880791/3.97478387981e-08/*nonzero*/-0.449396908283/0.778378605843/-0.438371062279/*nonzero*/-0.219185516238/0.379640489817/0.898794054985/*nonzero*/-0.999999880791/0/0.499999940395/*nonzero*</complex>
		<field name="MaxInstanceCount">30</field>
		<field name="CullDistance">0</field>
		<field name="ResetInstanceWhenStarted">true</field>
		<field name="TriggerPostEffect">false</field>
		<field name="PostEffectContrastOffset">0</field>
		<complex name="PostEffectBrightnessOffset">0/0/0/*nonzero*</complex>
		<field name="PostEffectFadeInTime">0</field>
		<field name="PostEffectFadeOutTime">0</field>
		<field name="PostEffectSizeScale">1.0</field>
		<field name="PostEffectDistanceFallof">0.00999999977648</field>
		<field name="MoveEmitterInSpiral">false</field>
		<field name="ShootEmitterFromCamera">false</field>
		<field name="SpawnCompositeMeshPart">false</field>
		<field name="CompositeMeshPartIndex">-1</field>
		<field name="StartStop">true</field>
		<field name="Pause">false</field>
		<field ref="fx/ambient/levelspecific/sp01/emitters/em_sp01_boatride_water_sprayarm/a1499d57-146e-4a12-a388-0ed79a481ae0" name="Emitter" />
		<field name="SpawnProbability">1.0</field>
	</instance>
	<instance guid="DA9F675F-E666-4936-A559-54217C87B1C8" type="Emitter.EmitterEntityData">
		<array name="Components" />
		<field name="Enumeration">0</field>
		<field name="Name" />
		<complex name="Transform">0.843809306622/-0.534499824047/0.0479149371386/*nonzero*/0.504485070705/0.759632527828/-0.410430550575/*nonzero*/0.182977318764/0.370497465134/0.910632133484/*nonzero*/1.0/0/0.5/*nonzero*</complex>
		<field name="MaxInstanceCount">30</field>
		<field name="CullDistance">0</field>
		<field name="ResetInstanceWhenStarted">true</field>
		<field name="TriggerPostEffect">false</field>
		<field name="PostEffectContrastOffset">0</field>
		<complex name="PostEffectBrightnessOffset">0/0/0/*nonzero*</complex>
		<field name="PostEffectFadeInTime">0</field>
		<field name="PostEffectFadeOutTime">0</field>
		<field name="PostEffectSizeScale">1.0</field>
		<field name="PostEffectDistanceFallof">0.00999999977648</field>
		<field name="MoveEmitterInSpiral">false</field>
		<field name="ShootEmitterFromCamera">false</field>
		<field name="SpawnCompositeMeshPart">false</field>
		<field name="CompositeMeshPartIndex">-1</field>
		<field name="StartStop">true</field>
		<field name="Pause">false</field>
		<field ref="fx/ambient/levelspecific/sp01/emitters/em_sp01_boatride_water_sprayarm/a1499d57-146e-4a12-a388-0ed79a481ae0" name="Emitter" />
		<field name="SpawnProbability">1.0</field>
	</instance>
</partition>
