<?xml version="1.0"?>
<partition guid="A24E5DF2-1278-4B7E-8727-B6EE1B409493" primaryInstance="1B9CD2AF-760E-4970-AC5E-7C4FC6F133BB" exportMode="All">
	<instance guid="F90CB8B6-1779-4A42-BC2F-28A0C4752BE4" type="Entity.EffectAsset">
		<field name="Name">FX/Weapons/MuzzleFlashes/Specific/FX_Muzz_MEC_Shg_3P</field>
		<field name="MemoryReportGroup">MemoryReportGroup_default</field>
		<array name="Objects" />
		<array name="EventConnections" />
		<array name="DataConnections" />
		<field ref="null" name="Descriptor" />
		<field ref="1b9cd2af-760e-4970-ac5e-7c4fc6f133bb" name="Object" />
	</instance>
	<instance guid="1B9CD2AF-760E-4970-AC5E-7C4FC6F133BB" type="Entity.EffectEntityData" id="FX_Muzz_MEC_Shg_3P">
		<array name="Components">
			<item ref="c80e8ec9-c99d-4f9c-b904-431f47d9eec4" />
			<item ref="6f17e678-afed-4e6c-9078-b91c3323f232" />
			<item ref="9939845d-a03b-4e9e-ad73-5f7a1d8cbca5" />
			<item ref="a1f58a3a-8442-4985-a488-8f6d0ebca98f" />
			<item ref="3b3680a0-1aac-4fd4-b5f3-e0358e51414a" />
			<item ref="54a928b7-7356-450a-9499-0401ebe899e5" />
			<item ref="b55d7e4c-585a-4fed-8c5b-0b5efab769dd" />
			<item ref="8899f1a3-b245-45b6-96be-ac78354003e3" />
			<item ref="9974f01e-a87f-4432-a767-902baaed2574" />
			<item ref="7a28070a-5bc9-4c83-88fe-e636535255e1" />
			<item ref="67bff0b4-e721-4d30-ada7-22151caff652" />
			<item ref="b73f4a86-bb3a-42fe-ac9d-75bd186337f7" />
			<item ref="3533dae4-319d-40d3-95a7-41e59a2a2b14" />
			<item ref="51931042-40b0-4d9d-a7b8-1b5301937ff2" />
			<item ref="c7b84b44-00a4-4e0d-a677-b9cf8649b10c" />
		</array>
		<field name="Enumeration">0</field>
		<field name="Name" />
		<complex name="Transform">1.0/0/0/*nonzero*/0/1.0/0/*nonzero*/0/0/1.0/*nonzero*/0/0/0/*nonzero*</complex>
		<field name="MaxInstanceCount">30</field>
		<field name="CullDistance">0</field>
		<field name="ResetInstanceWhenStarted">true</field>
		<field name="TriggerPostEffect">false</field>
		<field name="PostEffectContrastOffset">0</field>
		<complex name="PostEffectBrightnessOffset">0/0/0/*nonzero*</complex>
		<field name="PostEffectFadeInTime">0</field>
		<field name="PostEffectFadeOutTime">0</field>
		<field name="PostEffectSizeScale">1.0</field>
		<field name="PostEffectDistanceFallof">0.00999999977648</field>
	</instance>
	<instance guid="C80E8EC9-C99D-4F9C-B904-431F47D9EEC4" type="Emitter.EmitterEntityData">
		<array name="Components" />
		<field name="Enumeration">0</field>
		<field name="Name" />
		<complex name="Transform">1.0/0/0/*nonzero*/0/1.0/0/*nonzero*/0/0/1.0/*nonzero*/0/0.142704963684/0/*nonzero*</complex>
		<field name="MaxInstanceCount">30</field>
		<field name="CullDistance">0</field>
		<field name="ResetInstanceWhenStarted">true</field>
		<field name="TriggerPostEffect">false</field>
		<field name="PostEffectContrastOffset">0</field>
		<complex name="PostEffectBrightnessOffset">0/0/0/*nonzero*</complex>
		<field name="PostEffectFadeInTime">0</field>
		<field name="PostEffectFadeOutTime">0</field>
		<field name="PostEffectSizeScale">1.0</field>
		<field name="PostEffectDistanceFallof">0.00999999977648</field>
		<field name="MoveEmitterInSpiral">false</field>
		<field name="ShootEmitterFromCamera">false</field>
		<field name="SpawnCompositeMeshPart">false</field>
		<field name="CompositeMeshPartIndex">-1</field>
		<field name="StartStop">true</field>
		<field name="Pause">false</field>
		<field ref="fx/weapons/muzzleflashes/specific/emitter_mec_shg_3p/em_muzz_mec_shg_fire_3p_01/cc6ed7dc-c451-4e0e-9541-05427573e5b6" name="Emitter" />
		<field name="SpawnProbability">1.0</field>
	</instance>
	<instance guid="6F17E678-AFED-4E6C-9078-B91C3323F232" type="Emitter.EmitterEntityData">
		<array name="Components" />
		<field name="Enumeration">0</field>
		<field name="Name" />
		<complex name="Transform">1.0/0/0/*nonzero*/0/1.0/0/*nonzero*/0/0/1.0/*nonzero*/0/0/0/*nonzero*</complex>
		<field name="MaxInstanceCount">30</field>
		<field name="CullDistance">0</field>
		<field name="ResetInstanceWhenStarted">true</field>
		<field name="TriggerPostEffect">false</field>
		<field name="PostEffectContrastOffset">0</field>
		<complex name="PostEffectBrightnessOffset">0/0/0/*nonzero*</complex>
		<field name="PostEffectFadeInTime">0</field>
		<field name="PostEffectFadeOutTime">0</field>
		<field name="PostEffectSizeScale">1.0</field>
		<field name="PostEffectDistanceFallof">0.00999999977648</field>
		<field name="MoveEmitterInSpiral">false</field>
		<field name="ShootEmitterFromCamera">false</field>
		<field name="SpawnCompositeMeshPart">false</field>
		<field name="CompositeMeshPartIndex">-1</field>
		<field name="StartStop">true</field>
		<field name="Pause">false</field>
		<field ref="fx/weapons/muzzleflashes/specific/emitter_mec_shg_3p/em_muzz_mec_shg_glow_3p_01/92ab4b6f-330b-4b2e-9883-e2997448a783" name="Emitter" />
		<field name="SpawnProbability">1.0</field>
	</instance>
	<instance guid="9939845D-A03B-4E9E-AD73-5F7A1D8CBCA5" type="Emitter.EmitterEntityData">
		<array name="Components" />
		<field name="Enumeration">0</field>
		<field name="Name" />
		<complex name="Transform">1.0/0/0/*nonzero*/0/1.0/0/*nonzero*/0/0/1.0/*nonzero*/0/0/0/*nonzero*</complex>
		<field name="MaxInstanceCount">30</field>
		<field name="CullDistance">0</field>
		<field name="ResetInstanceWhenStarted">true</field>
		<field name="TriggerPostEffect">false</field>
		<field name="PostEffectContrastOffset">0</field>
		<complex name="PostEffectBrightnessOffset">0/0/0/*nonzero*</complex>
		<field name="PostEffectFadeInTime">0</field>
		<field name="PostEffectFadeOutTime">0</field>
		<field name="PostEffectSizeScale">1.0</field>
		<field name="PostEffectDistanceFallof">0.00999999977648</field>
		<field name="MoveEmitterInSpiral">false</field>
		<field name="ShootEmitterFromCamera">false</field>
		<field name="SpawnCompositeMeshPart">false</field>
		<field name="CompositeMeshPartIndex">-1</field>
		<field name="StartStop">true</field>
		<field name="Pause">false</field>
		<field ref="fx/weapons/muzzleflashes/specific/emitter_mec_shg_3p/em_muzz_mec_shg_smokeburst_3p_01/609e5692-fc2a-4306-8ccd-aea8600361ec" name="Emitter" />
		<field name="SpawnProbability">1.0</field>
	</instance>
	<instance guid="A1F58A3A-8442-4985-A488-8F6D0EBCA98F" type="Emitter.EmitterEntityData">
		<array name="Components" />
		<field name="Enumeration">0</field>
		<field name="Name" />
		<complex name="Transform">0.941333413124/0.336738139391/-0.0223051439971/*nonzero*/-0.336643606424/0.941597640514/0.00797788333148/*nonzero*/0.0236889533699/-9.63452976066e-07/0.999719142914/*nonzero*/0/0/0/*nonzero*</complex>
		<field name="MaxInstanceCount">30</field>
		<field name="CullDistance">0</field>
		<field name="ResetInstanceWhenStarted">true</field>
		<field name="TriggerPostEffect">false</field>
		<field name="PostEffectContrastOffset">0</field>
		<complex name="PostEffectBrightnessOffset">0/0/0/*nonzero*</complex>
		<field name="PostEffectFadeInTime">0</field>
		<field name="PostEffectFadeOutTime">0</field>
		<field name="PostEffectSizeScale">1.0</field>
		<field name="PostEffectDistanceFallof">0.00999999977648</field>
		<field name="MoveEmitterInSpiral">false</field>
		<field name="ShootEmitterFromCamera">false</field>
		<field name="SpawnCompositeMeshPart">false</field>
		<field name="CompositeMeshPartIndex">-1</field>
		<field name="StartStop">true</field>
		<field name="Pause">false</field>
		<field ref="fx/weapons/muzzleflashes/specific/emitter_mec_shg_3p/em_muzz_mec_shg_firearm_3p_02/b0cb54e1-bfe0-4c00-bbaa-0af2d4dffa55" name="Emitter" />
		<field name="SpawnProbability">1.0</field>
	</instance>
	<instance guid="3B3680A0-1AAC-4FD4-B5F3-E0358E51414A" type="Emitter.EmitterEntityData">
		<array name="Components" />
		<field name="Enumeration">0</field>
		<field name="Name" />
		<complex name="Transform">0.550452470779/-3.69954790358e-07/0.834866046906/*nonzero*/0.22171613574/0.964090824127/-0.146183729172/*nonzero*/-0.804886937141/0.265570580959/0.530686438084/*nonzero*/0/0/0/*nonzero*</complex>
		<field name="MaxInstanceCount">30</field>
		<field name="CullDistance">0</field>
		<field name="ResetInstanceWhenStarted">true</field>
		<field name="TriggerPostEffect">false</field>
		<field name="PostEffectContrastOffset">0</field>
		<complex name="PostEffectBrightnessOffset">0/0/0/*nonzero*</complex>
		<field name="PostEffectFadeInTime">0</field>
		<field name="PostEffectFadeOutTime">0</field>
		<field name="PostEffectSizeScale">1.0</field>
		<field name="PostEffectDistanceFallof">0.00999999977648</field>
		<field name="MoveEmitterInSpiral">false</field>
		<field name="ShootEmitterFromCamera">false</field>
		<field name="SpawnCompositeMeshPart">false</field>
		<field name="CompositeMeshPartIndex">-1</field>
		<field name="StartStop">true</field>
		<field name="Pause">false</field>
		<field ref="fx/weapons/muzzleflashes/specific/emitter_mec_shg_3p/em_muzz_mec_shg_firearm_3p_02/b0cb54e1-bfe0-4c00-bbaa-0af2d4dffa55" name="Emitter" />
		<field name="SpawnProbability">1.0</field>
	</instance>
	<instance guid="54A928B7-7356-450A-9499-0401EBE899E5" type="Emitter.EmitterEntityData">
		<array name="Components" />
		<field name="Enumeration">0</field>
		<field name="Name" />
		<complex name="Transform">-0.0236885882914/5.73378201807e-07/-0.999717712402/*nonzero*/-0.336644977331/0.94159668684/0.00797744747251/*nonzero*/0.941332280636/0.336739420891/-0.0223049335182/*nonzero*/0/0/0/*nonzero*</complex>
		<field name="MaxInstanceCount">30</field>
		<field name="CullDistance">0</field>
		<field name="ResetInstanceWhenStarted">true</field>
		<field name="TriggerPostEffect">false</field>
		<field name="PostEffectContrastOffset">0</field>
		<complex name="PostEffectBrightnessOffset">0/0/0/*nonzero*</complex>
		<field name="PostEffectFadeInTime">0</field>
		<field name="PostEffectFadeOutTime">0</field>
		<field name="PostEffectSizeScale">1.0</field>
		<field name="PostEffectDistanceFallof">0.00999999977648</field>
		<field name="MoveEmitterInSpiral">false</field>
		<field name="ShootEmitterFromCamera">false</field>
		<field name="SpawnCompositeMeshPart">false</field>
		<field name="CompositeMeshPartIndex">-1</field>
		<field name="StartStop">true</field>
		<field name="Pause">false</field>
		<field ref="fx/weapons/muzzleflashes/specific/emitter_mec_shg_3p/em_muzz_mec_shg_firearm_3p_02/b0cb54e1-bfe0-4c00-bbaa-0af2d4dffa55" name="Emitter" />
		<field name="SpawnProbability">1.0</field>
	</instance>
	<instance guid="B55D7E4C-585A-4FED-8C5B-0B5EFAB769DD" type="Emitter.EmitterEntityData">
		<array name="Components" />
		<field name="Enumeration">0</field>
		<field name="Name" />
		<complex name="Transform">-0.804885864258/0.265571445227/0.530685067177/*nonzero*/0.221717059612/0.96408957243/-0.146184042096/*nonzero*/-0.550450563431/4.61934689611e-07/-0.834864258766/*nonzero*/0/0/0/*nonzero*</complex>
		<field name="MaxInstanceCount">30</field>
		<field name="CullDistance">0</field>
		<field name="ResetInstanceWhenStarted">true</field>
		<field name="TriggerPostEffect">false</field>
		<field name="PostEffectContrastOffset">0</field>
		<complex name="PostEffectBrightnessOffset">0/0/0/*nonzero*</complex>
		<field name="PostEffectFadeInTime">0</field>
		<field name="PostEffectFadeOutTime">0</field>
		<field name="PostEffectSizeScale">1.0</field>
		<field name="PostEffectDistanceFallof">0.00999999977648</field>
		<field name="MoveEmitterInSpiral">false</field>
		<field name="ShootEmitterFromCamera">false</field>
		<field name="SpawnCompositeMeshPart">false</field>
		<field name="CompositeMeshPartIndex">-1</field>
		<field name="StartStop">true</field>
		<field name="Pause">false</field>
		<field ref="fx/weapons/muzzleflashes/specific/emitter_mec_shg_3p/em_muzz_mec_shg_firearm_3p_02/b0cb54e1-bfe0-4c00-bbaa-0af2d4dffa55" name="Emitter" />
		<field name="SpawnProbability">1.0</field>
	</instance>
	<instance guid="8899F1A3-B245-45B6-96BE-AC78354003E3" type="Emitter.EmitterEntityData">
		<array name="Components" />
		<field name="Enumeration">0</field>
		<field name="Name" />
		<complex name="Transform">0.717154920101/-5.28153272228e-08/-0.696913480759/*nonzero*/0.22003236413/0.948850393295/0.226422980428/*nonzero*/0.661266744137/-0.315723955631/0.680472910404/*nonzero*/0/0/0/*nonzero*</complex>
		<field name="MaxInstanceCount">30</field>
		<field name="CullDistance">0</field>
		<field name="ResetInstanceWhenStarted">true</field>
		<field name="TriggerPostEffect">false</field>
		<field name="PostEffectContrastOffset">0</field>
		<complex name="PostEffectBrightnessOffset">0/0/0/*nonzero*</complex>
		<field name="PostEffectFadeInTime">0</field>
		<field name="PostEffectFadeOutTime">0</field>
		<field name="PostEffectSizeScale">1.0</field>
		<field name="PostEffectDistanceFallof">0.00999999977648</field>
		<field name="MoveEmitterInSpiral">false</field>
		<field name="ShootEmitterFromCamera">false</field>
		<field name="SpawnCompositeMeshPart">false</field>
		<field name="CompositeMeshPartIndex">-1</field>
		<field name="StartStop">true</field>
		<field name="Pause">false</field>
		<field ref="fx/weapons/muzzleflashes/specific/emitter_mec_shg_3p/em_muzz_mec_shg_firearm_3p_02/b0cb54e1-bfe0-4c00-bbaa-0af2d4dffa55" name="Emitter" />
		<field name="SpawnProbability">1.0</field>
	</instance>
	<instance guid="9974F01E-A87F-4432-A767-902BAAED2574" type="Emitter.EmitterEntityData">
		<array name="Components" />
		<field name="Enumeration">0</field>
		<field name="Name" />
		<complex name="Transform">-0.661267220974/0.315724998713/-0.680471897125/*nonzero*/0.220033407211/0.948850095272/0.226423442364/*nonzero*/0.717153310776/-1.49011427197e-07/-0.696913480759/*nonzero*/0/0/0/*nonzero*</complex>
		<field name="MaxInstanceCount">30</field>
		<field name="CullDistance">0</field>
		<field name="ResetInstanceWhenStarted">true</field>
		<field name="TriggerPostEffect">false</field>
		<field name="PostEffectContrastOffset">0</field>
		<complex name="PostEffectBrightnessOffset">0/0/0/*nonzero*</complex>
		<field name="PostEffectFadeInTime">0</field>
		<field name="PostEffectFadeOutTime">0</field>
		<field name="PostEffectSizeScale">1.0</field>
		<field name="PostEffectDistanceFallof">0.00999999977648</field>
		<field name="MoveEmitterInSpiral">false</field>
		<field name="ShootEmitterFromCamera">false</field>
		<field name="SpawnCompositeMeshPart">false</field>
		<field name="CompositeMeshPartIndex">-1</field>
		<field name="StartStop">true</field>
		<field name="Pause">false</field>
		<field ref="fx/weapons/muzzleflashes/specific/emitter_mec_shg_3p/em_muzz_mec_shg_firearm_3p_02/b0cb54e1-bfe0-4c00-bbaa-0af2d4dffa55" name="Emitter" />
		<field name="SpawnProbability">1.0</field>
	</instance>
	<instance guid="7A28070A-5BC9-4C83-88FE-E636535255E1" type="Emitter.EmitterEntityData">
		<array name="Components" />
		<field name="Enumeration">0</field>
		<field name="Name" />
		<complex name="Transform">0.945942223072/-2.55993336395e-06/-0.324334532022/*nonzero*/-0.099939763546/0.951338469982/-0.291488200426/*nonzero*/0.308552742004/0.308144956827/0.899911165237/*nonzero*/0/0/0/*nonzero*</complex>
		<field name="MaxInstanceCount">30</field>
		<field name="CullDistance">0</field>
		<field name="ResetInstanceWhenStarted">true</field>
		<field name="TriggerPostEffect">false</field>
		<field name="PostEffectContrastOffset">0</field>
		<complex name="PostEffectBrightnessOffset">0/0/0/*nonzero*</complex>
		<field name="PostEffectFadeInTime">0</field>
		<field name="PostEffectFadeOutTime">0</field>
		<field name="PostEffectSizeScale">1.0</field>
		<field name="PostEffectDistanceFallof">0.00999999977648</field>
		<field name="MoveEmitterInSpiral">false</field>
		<field name="ShootEmitterFromCamera">false</field>
		<field name="SpawnCompositeMeshPart">false</field>
		<field name="CompositeMeshPartIndex">-1</field>
		<field name="StartStop">true</field>
		<field name="Pause">false</field>
		<field ref="fx/weapons/muzzleflashes/specific/emitter_mec_shg_3p/em_muzz_mec_shg_firearm_3p_02/b0cb54e1-bfe0-4c00-bbaa-0af2d4dffa55" name="Emitter" />
		<field name="SpawnProbability">1.0</field>
	</instance>
	<instance guid="67BFF0B4-E721-4D30-ADA7-22151CAFF652" type="Emitter.EmitterEntityData">
		<array name="Components" />
		<field name="Enumeration">0</field>
		<field name="Name" />
		<complex name="Transform">0.308555155993/0.308145165443/0.899910151958/*nonzero*/-0.0999418124557/0.951338648796/-0.291487783194/*nonzero*/-0.945940732956/1.35600487283e-06/0.324337363243/*nonzero*/0/0/0/*nonzero*</complex>
		<field name="MaxInstanceCount">30</field>
		<field name="CullDistance">0</field>
		<field name="ResetInstanceWhenStarted">true</field>
		<field name="TriggerPostEffect">false</field>
		<field name="PostEffectContrastOffset">0</field>
		<complex name="PostEffectBrightnessOffset">0/0/0/*nonzero*</complex>
		<field name="PostEffectFadeInTime">0</field>
		<field name="PostEffectFadeOutTime">0</field>
		<field name="PostEffectSizeScale">1.0</field>
		<field name="PostEffectDistanceFallof">0.00999999977648</field>
		<field name="MoveEmitterInSpiral">false</field>
		<field name="ShootEmitterFromCamera">false</field>
		<field name="SpawnCompositeMeshPart">false</field>
		<field name="CompositeMeshPartIndex">-1</field>
		<field name="StartStop">true</field>
		<field name="Pause">false</field>
		<field ref="fx/weapons/muzzleflashes/specific/emitter_mec_shg_3p/em_muzz_mec_shg_firearm_3p_02/b0cb54e1-bfe0-4c00-bbaa-0af2d4dffa55" name="Emitter" />
		<field name="SpawnProbability">1.0</field>
	</instance>
	<instance guid="B73F4A86-BB3A-42FE-AC9D-75BD186337F7" type="Emitter.EmitterEntityData">
		<array name="Components" />
		<field name="Enumeration">0</field>
		<field name="Name" />
		<complex name="Transform">1.0/0/0/*nonzero*/0/1.0/0/*nonzero*/0/0/1.0/*nonzero*/0/0/0/*nonzero*</complex>
		<field name="MaxInstanceCount">30</field>
		<field name="CullDistance">0</field>
		<field name="ResetInstanceWhenStarted">true</field>
		<field name="TriggerPostEffect">false</field>
		<field name="PostEffectContrastOffset">0</field>
		<complex name="PostEffectBrightnessOffset">0/0/0/*nonzero*</complex>
		<field name="PostEffectFadeInTime">0</field>
		<field name="PostEffectFadeOutTime">0</field>
		<field name="PostEffectSizeScale">1.0</field>
		<field name="PostEffectDistanceFallof">0.00999999977648</field>
		<field name="MoveEmitterInSpiral">false</field>
		<field name="ShootEmitterFromCamera">false</field>
		<field name="SpawnCompositeMeshPart">false</field>
		<field name="CompositeMeshPartIndex">-1</field>
		<field name="StartStop">true</field>
		<field name="Pause">false</field>
		<field ref="fx/weapons/muzzleflashes/specific/emitter_mec_shg_3p/em_muzz_mec_shg_firearm_3p_01/150eb96b-82c0-40fd-a7a5-5bc9fab5b097" name="Emitter" />
		<field name="SpawnProbability">1.0</field>
	</instance>
	<instance guid="3533DAE4-319D-40D3-95A7-41E59A2A2B14" type="Emitter.EmitterEntityData">
		<array name="Components" />
		<field name="Enumeration">0</field>
		<field name="Name" />
		<complex name="Transform">3.42285417787e-08/0/-0.999999940395/*nonzero*/0/1.0/0/*nonzero*/0.999999940395/0/3.42285417787e-08/*nonzero*/0/0/0/*nonzero*</complex>
		<field name="MaxInstanceCount">30</field>
		<field name="CullDistance">0</field>
		<field name="ResetInstanceWhenStarted">true</field>
		<field name="TriggerPostEffect">false</field>
		<field name="PostEffectContrastOffset">0</field>
		<complex name="PostEffectBrightnessOffset">0/0/0/*nonzero*</complex>
		<field name="PostEffectFadeInTime">0</field>
		<field name="PostEffectFadeOutTime">0</field>
		<field name="PostEffectSizeScale">1.0</field>
		<field name="PostEffectDistanceFallof">0.00999999977648</field>
		<field name="MoveEmitterInSpiral">false</field>
		<field name="ShootEmitterFromCamera">false</field>
		<field name="SpawnCompositeMeshPart">false</field>
		<field name="CompositeMeshPartIndex">-1</field>
		<field name="StartStop">true</field>
		<field name="Pause">false</field>
		<field ref="fx/weapons/muzzleflashes/specific/emitter_mec_shg_3p/em_muzz_mec_shg_firearm_3p_01/150eb96b-82c0-40fd-a7a5-5bc9fab5b097" name="Emitter" />
		<field name="SpawnProbability">1.0</field>
	</instance>
	<instance guid="51931042-40B0-4D9D-A7B8-1B5301937FF2" type="Emitter.EmitterEntityData">
		<array name="Components" />
		<field name="Enumeration">0</field>
		<field name="Name" />
		<complex name="Transform">0.9487657547/0.0168802496046/0.315529018641/*nonzero*/-0.133957535028/0.925882816315/0.353264391422/*nonzero*/-0.286179721355/-0.37743267417/0.880707204342/*nonzero*/0/0/0/*nonzero*</complex>
		<field name="MaxInstanceCount">30</field>
		<field name="CullDistance">0</field>
		<field name="ResetInstanceWhenStarted">true</field>
		<field name="TriggerPostEffect">false</field>
		<field name="PostEffectContrastOffset">0</field>
		<complex name="PostEffectBrightnessOffset">0/0/0/*nonzero*</complex>
		<field name="PostEffectFadeInTime">0</field>
		<field name="PostEffectFadeOutTime">0</field>
		<field name="PostEffectSizeScale">1.0</field>
		<field name="PostEffectDistanceFallof">0.00999999977648</field>
		<field name="MoveEmitterInSpiral">false</field>
		<field name="ShootEmitterFromCamera">false</field>
		<field name="SpawnCompositeMeshPart">false</field>
		<field name="CompositeMeshPartIndex">-1</field>
		<field name="StartStop">true</field>
		<field name="Pause">false</field>
		<field ref="fx/weapons/muzzleflashes/specific/emitter_mec_shg_3p/em_muzz_mec_shg_firearm_3p_02/b0cb54e1-bfe0-4c00-bbaa-0af2d4dffa55" name="Emitter" />
		<field name="SpawnProbability">1.0</field>
	</instance>
	<instance guid="C7B84B44-00A4-4E0D-A677-B9CF8649B10C" type="Emitter.EmitterEntityData">
		<array name="Components" />
		<field name="Enumeration">0</field>
		<field name="Name" />
		<complex name="Transform">0.286181509495/0.377432435751/-0.880706250668/*nonzero*/-0.116640493274/0.926036834717/0.358957290649/*nonzero*/0.951048851013/-8.79168112533e-07/0.309038639069/*nonzero*/0/0/0/*nonzero*</complex>
		<field name="MaxInstanceCount">30</field>
		<field name="CullDistance">0</field>
		<field name="ResetInstanceWhenStarted">true</field>
		<field name="TriggerPostEffect">false</field>
		<field name="PostEffectContrastOffset">0</field>
		<complex name="PostEffectBrightnessOffset">0/0/0/*nonzero*</complex>
		<field name="PostEffectFadeInTime">0</field>
		<field name="PostEffectFadeOutTime">0</field>
		<field name="PostEffectSizeScale">1.0</field>
		<field name="PostEffectDistanceFallof">0.00999999977648</field>
		<field name="MoveEmitterInSpiral">false</field>
		<field name="ShootEmitterFromCamera">false</field>
		<field name="SpawnCompositeMeshPart">false</field>
		<field name="CompositeMeshPartIndex">-1</field>
		<field name="StartStop">true</field>
		<field name="Pause">false</field>
		<field ref="fx/weapons/muzzleflashes/specific/emitter_mec_shg_3p/em_muzz_mec_shg_firearm_3p_02/b0cb54e1-bfe0-4c00-bbaa-0af2d4dffa55" name="Emitter" />
		<field name="SpawnProbability">1.0</field>
	</instance>
</partition>
