<?xml version="1.0"?>
<partition guid="AD07C3A1-56E5-4685-AE5C-DB6C10DEC6C7" primaryInstance="D1BD278F-ADEB-4884-8F8E-9EC74C10F07B" exportMode="All">
	<instance guid="856A0AEF-1419-404E-861B-8D7045BA8A9B" type="Entity.EffectAsset">
		<field name="Name">FX/Weapons/MuzzleFlashes/Specific/FX_Muzz_US_Shg_3P</field>
		<field name="MemoryReportGroup">MemoryReportGroup_default</field>
		<array name="Objects" />
		<array name="EventConnections" />
		<array name="DataConnections" />
		<field ref="null" name="Descriptor" />
		<field ref="d1bd278f-adeb-4884-8f8e-9ec74c10f07b" name="Object" />
	</instance>
	<instance guid="D1BD278F-ADEB-4884-8F8E-9EC74C10F07B" type="Entity.EffectEntityData" id="FX_Muzz_US_Shg_3P">
		<array name="Components">
			<item ref="fb02347d-dfd2-45d9-b654-29d000eca709" />
			<item ref="104aa8f6-e8a1-49ef-84e8-517796c82473" />
			<item ref="45c52e38-1d04-44ee-87e1-83843e3665f9" />
			<item ref="50a5e2b8-367c-4b14-8576-2bc8158f13f4" />
			<item ref="0fa2233f-ea4f-4dd9-b693-2a543da477a5" />
			<item ref="bd0f94ea-52bd-487b-97e9-7e13a784efbc" />
			<item ref="fe27ce72-23de-476d-b41b-510dd937aa13" />
			<item ref="cdc63d13-07ee-473b-beb0-ae140e128fd1" />
			<item ref="1de5fbe3-adf1-4dc6-b77e-853e5993984b" />
			<item ref="7396f458-febc-4f15-a779-4b88b26c96d3" />
			<item ref="8b5686a4-b537-4052-af4a-eb14422fc5c4" />
			<item ref="db5c214b-0bd0-498b-a2c4-ba859c351226" />
			<item ref="9e875f6c-47d0-4848-ab0e-de4ff80089ec" />
			<item ref="33155294-f93b-4f7e-9a2c-c909906f543c" />
			<item ref="d17b0fa8-f444-4ad5-9ee7-9ae0501c41db" />
		</array>
		<field name="Enumeration">0</field>
		<field name="Name" />
		<complex name="Transform">1.0/0/0/*nonzero*/0/1.0/0/*nonzero*/0/0/1.0/*nonzero*/0/0/0/*nonzero*</complex>
		<field name="MaxInstanceCount">30</field>
		<field name="CullDistance">0</field>
		<field name="ResetInstanceWhenStarted">true</field>
		<field name="TriggerPostEffect">false</field>
		<field name="PostEffectContrastOffset">0</field>
		<complex name="PostEffectBrightnessOffset">0/0/0/*nonzero*</complex>
		<field name="PostEffectFadeInTime">0</field>
		<field name="PostEffectFadeOutTime">0</field>
		<field name="PostEffectSizeScale">1.0</field>
		<field name="PostEffectDistanceFallof">0.00999999977648</field>
	</instance>
	<instance guid="FB02347D-DFD2-45D9-B654-29D000ECA709" type="Emitter.EmitterEntityData">
		<array name="Components" />
		<field name="Enumeration">0</field>
		<field name="Name" />
		<complex name="Transform">1.0/0/0/*nonzero*/0/1.0/0/*nonzero*/0/0/1.0/*nonzero*/0/0.142704963684/0/*nonzero*</complex>
		<field name="MaxInstanceCount">30</field>
		<field name="CullDistance">0</field>
		<field name="ResetInstanceWhenStarted">true</field>
		<field name="TriggerPostEffect">false</field>
		<field name="PostEffectContrastOffset">0</field>
		<complex name="PostEffectBrightnessOffset">0/0/0/*nonzero*</complex>
		<field name="PostEffectFadeInTime">0</field>
		<field name="PostEffectFadeOutTime">0</field>
		<field name="PostEffectSizeScale">1.0</field>
		<field name="PostEffectDistanceFallof">0.00999999977648</field>
		<field name="MoveEmitterInSpiral">false</field>
		<field name="ShootEmitterFromCamera">false</field>
		<field name="SpawnCompositeMeshPart">false</field>
		<field name="CompositeMeshPartIndex">-1</field>
		<field name="StartStop">true</field>
		<field name="Pause">false</field>
		<field ref="fx/weapons/muzzleflashes/specific/emitter_us_shg_3p/em_muzz_us_shg_fire_3p_01/898158c6-542e-4547-b65d-0707679c6a51" name="Emitter" />
		<field name="SpawnProbability">1.0</field>
	</instance>
	<instance guid="104AA8F6-E8A1-49EF-84E8-517796C82473" type="Emitter.EmitterEntityData">
		<array name="Components" />
		<field name="Enumeration">0</field>
		<field name="Name" />
		<complex name="Transform">1.0/0/0/*nonzero*/0/1.0/0/*nonzero*/0/0/1.0/*nonzero*/0/0/0/*nonzero*</complex>
		<field name="MaxInstanceCount">30</field>
		<field name="CullDistance">0</field>
		<field name="ResetInstanceWhenStarted">true</field>
		<field name="TriggerPostEffect">false</field>
		<field name="PostEffectContrastOffset">0</field>
		<complex name="PostEffectBrightnessOffset">0/0/0/*nonzero*</complex>
		<field name="PostEffectFadeInTime">0</field>
		<field name="PostEffectFadeOutTime">0</field>
		<field name="PostEffectSizeScale">1.0</field>
		<field name="PostEffectDistanceFallof">0.00999999977648</field>
		<field name="MoveEmitterInSpiral">false</field>
		<field name="ShootEmitterFromCamera">false</field>
		<field name="SpawnCompositeMeshPart">false</field>
		<field name="CompositeMeshPartIndex">-1</field>
		<field name="StartStop">true</field>
		<field name="Pause">false</field>
		<field ref="fx/weapons/muzzleflashes/specific/emitter_us_shg_3p/em_muzz_us_shg_glow_3p_01/92079bc5-a6db-4155-8930-d44370bf5274" name="Emitter" />
		<field name="SpawnProbability">1.0</field>
	</instance>
	<instance guid="45C52E38-1D04-44EE-87E1-83843E3665F9" type="Emitter.EmitterEntityData">
		<array name="Components" />
		<field name="Enumeration">0</field>
		<field name="Name" />
		<complex name="Transform">1.0/0/0/*nonzero*/0/1.0/0/*nonzero*/0/0/1.0/*nonzero*/0/0/0/*nonzero*</complex>
		<field name="MaxInstanceCount">30</field>
		<field name="CullDistance">0</field>
		<field name="ResetInstanceWhenStarted">true</field>
		<field name="TriggerPostEffect">false</field>
		<field name="PostEffectContrastOffset">0</field>
		<complex name="PostEffectBrightnessOffset">0/0/0/*nonzero*</complex>
		<field name="PostEffectFadeInTime">0</field>
		<field name="PostEffectFadeOutTime">0</field>
		<field name="PostEffectSizeScale">1.0</field>
		<field name="PostEffectDistanceFallof">0.00999999977648</field>
		<field name="MoveEmitterInSpiral">false</field>
		<field name="ShootEmitterFromCamera">false</field>
		<field name="SpawnCompositeMeshPart">false</field>
		<field name="CompositeMeshPartIndex">-1</field>
		<field name="StartStop">true</field>
		<field name="Pause">false</field>
		<field ref="fx/weapons/muzzleflashes/specific/emitter_us_shg_3p/em_muzz_us_shg_smokeburst_3p_01/16ba100c-a34b-4648-85eb-232b6c3de92b" name="Emitter" />
		<field name="SpawnProbability">1.0</field>
	</instance>
	<instance guid="50A5E2B8-367C-4B14-8576-2BC8158F13F4" type="Emitter.EmitterEntityData">
		<array name="Components" />
		<field name="Enumeration">0</field>
		<field name="Name" />
		<complex name="Transform">0.941333413124/0.336738139391/-0.0223051439971/*nonzero*/-0.336643606424/0.941597640514/0.00797788333148/*nonzero*/0.0236889533699/-9.63452976066e-07/0.999719142914/*nonzero*/0/0/0/*nonzero*</complex>
		<field name="MaxInstanceCount">30</field>
		<field name="CullDistance">0</field>
		<field name="ResetInstanceWhenStarted">true</field>
		<field name="TriggerPostEffect">false</field>
		<field name="PostEffectContrastOffset">0</field>
		<complex name="PostEffectBrightnessOffset">0/0/0/*nonzero*</complex>
		<field name="PostEffectFadeInTime">0</field>
		<field name="PostEffectFadeOutTime">0</field>
		<field name="PostEffectSizeScale">1.0</field>
		<field name="PostEffectDistanceFallof">0.00999999977648</field>
		<field name="MoveEmitterInSpiral">false</field>
		<field name="ShootEmitterFromCamera">false</field>
		<field name="SpawnCompositeMeshPart">false</field>
		<field name="CompositeMeshPartIndex">-1</field>
		<field name="StartStop">true</field>
		<field name="Pause">false</field>
		<field ref="fx/weapons/muzzleflashes/specific/emitter_us_shg_3p/em_muzz_us_shg_firearm_3p_02/2fd07082-f057-48c4-8d59-bebec60fb8f2" name="Emitter" />
		<field name="SpawnProbability">1.0</field>
	</instance>
	<instance guid="0FA2233F-EA4F-4DD9-B693-2A543DA477A5" type="Emitter.EmitterEntityData">
		<array name="Components" />
		<field name="Enumeration">0</field>
		<field name="Name" />
		<complex name="Transform">0.550452470779/-3.69954790358e-07/0.834866046906/*nonzero*/0.22171613574/0.964090824127/-0.146183729172/*nonzero*/-0.804886937141/0.265570580959/0.530686438084/*nonzero*/0/0/0/*nonzero*</complex>
		<field name="MaxInstanceCount">30</field>
		<field name="CullDistance">0</field>
		<field name="ResetInstanceWhenStarted">true</field>
		<field name="TriggerPostEffect">false</field>
		<field name="PostEffectContrastOffset">0</field>
		<complex name="PostEffectBrightnessOffset">0/0/0/*nonzero*</complex>
		<field name="PostEffectFadeInTime">0</field>
		<field name="PostEffectFadeOutTime">0</field>
		<field name="PostEffectSizeScale">1.0</field>
		<field name="PostEffectDistanceFallof">0.00999999977648</field>
		<field name="MoveEmitterInSpiral">false</field>
		<field name="ShootEmitterFromCamera">false</field>
		<field name="SpawnCompositeMeshPart">false</field>
		<field name="CompositeMeshPartIndex">-1</field>
		<field name="StartStop">true</field>
		<field name="Pause">false</field>
		<field ref="fx/weapons/muzzleflashes/specific/emitter_us_shg_3p/em_muzz_us_shg_firearm_3p_02/2fd07082-f057-48c4-8d59-bebec60fb8f2" name="Emitter" />
		<field name="SpawnProbability">1.0</field>
	</instance>
	<instance guid="BD0F94EA-52BD-487B-97E9-7E13A784EFBC" type="Emitter.EmitterEntityData">
		<array name="Components" />
		<field name="Enumeration">0</field>
		<field name="Name" />
		<complex name="Transform">-0.0236885882914/5.73378201807e-07/-0.999717712402/*nonzero*/-0.336644977331/0.94159668684/0.00797744747251/*nonzero*/0.941332280636/0.336739420891/-0.0223049335182/*nonzero*/0/0/0/*nonzero*</complex>
		<field name="MaxInstanceCount">30</field>
		<field name="CullDistance">0</field>
		<field name="ResetInstanceWhenStarted">true</field>
		<field name="TriggerPostEffect">false</field>
		<field name="PostEffectContrastOffset">0</field>
		<complex name="PostEffectBrightnessOffset">0/0/0/*nonzero*</complex>
		<field name="PostEffectFadeInTime">0</field>
		<field name="PostEffectFadeOutTime">0</field>
		<field name="PostEffectSizeScale">1.0</field>
		<field name="PostEffectDistanceFallof">0.00999999977648</field>
		<field name="MoveEmitterInSpiral">false</field>
		<field name="ShootEmitterFromCamera">false</field>
		<field name="SpawnCompositeMeshPart">false</field>
		<field name="CompositeMeshPartIndex">-1</field>
		<field name="StartStop">true</field>
		<field name="Pause">false</field>
		<field ref="fx/weapons/muzzleflashes/specific/emitter_us_shg_3p/em_muzz_us_shg_firearm_3p_02/2fd07082-f057-48c4-8d59-bebec60fb8f2" name="Emitter" />
		<field name="SpawnProbability">1.0</field>
	</instance>
	<instance guid="FE27CE72-23DE-476D-B41B-510DD937AA13" type="Emitter.EmitterEntityData">
		<array name="Components" />
		<field name="Enumeration">0</field>
		<field name="Name" />
		<complex name="Transform">-0.804885864258/0.265571445227/0.530685067177/*nonzero*/0.221717059612/0.96408957243/-0.146184042096/*nonzero*/-0.550450563431/4.61934689611e-07/-0.834864258766/*nonzero*/0/0/0/*nonzero*</complex>
		<field name="MaxInstanceCount">30</field>
		<field name="CullDistance">0</field>
		<field name="ResetInstanceWhenStarted">true</field>
		<field name="TriggerPostEffect">false</field>
		<field name="PostEffectContrastOffset">0</field>
		<complex name="PostEffectBrightnessOffset">0/0/0/*nonzero*</complex>
		<field name="PostEffectFadeInTime">0</field>
		<field name="PostEffectFadeOutTime">0</field>
		<field name="PostEffectSizeScale">1.0</field>
		<field name="PostEffectDistanceFallof">0.00999999977648</field>
		<field name="MoveEmitterInSpiral">false</field>
		<field name="ShootEmitterFromCamera">false</field>
		<field name="SpawnCompositeMeshPart">false</field>
		<field name="CompositeMeshPartIndex">-1</field>
		<field name="StartStop">true</field>
		<field name="Pause">false</field>
		<field ref="fx/weapons/muzzleflashes/specific/emitter_us_shg_3p/em_muzz_us_shg_firearm_3p_02/2fd07082-f057-48c4-8d59-bebec60fb8f2" name="Emitter" />
		<field name="SpawnProbability">1.0</field>
	</instance>
	<instance guid="CDC63D13-07EE-473B-BEB0-AE140E128FD1" type="Emitter.EmitterEntityData">
		<array name="Components" />
		<field name="Enumeration">0</field>
		<field name="Name" />
		<complex name="Transform">0.717154920101/-5.28153272228e-08/-0.696913480759/*nonzero*/0.22003236413/0.948850393295/0.226422980428/*nonzero*/0.661266744137/-0.315723955631/0.680472910404/*nonzero*/0/0/0/*nonzero*</complex>
		<field name="MaxInstanceCount">30</field>
		<field name="CullDistance">0</field>
		<field name="ResetInstanceWhenStarted">true</field>
		<field name="TriggerPostEffect">false</field>
		<field name="PostEffectContrastOffset">0</field>
		<complex name="PostEffectBrightnessOffset">0/0/0/*nonzero*</complex>
		<field name="PostEffectFadeInTime">0</field>
		<field name="PostEffectFadeOutTime">0</field>
		<field name="PostEffectSizeScale">1.0</field>
		<field name="PostEffectDistanceFallof">0.00999999977648</field>
		<field name="MoveEmitterInSpiral">false</field>
		<field name="ShootEmitterFromCamera">false</field>
		<field name="SpawnCompositeMeshPart">false</field>
		<field name="CompositeMeshPartIndex">-1</field>
		<field name="StartStop">true</field>
		<field name="Pause">false</field>
		<field ref="fx/weapons/muzzleflashes/specific/emitter_us_shg_3p/em_muzz_us_shg_firearm_3p_02/2fd07082-f057-48c4-8d59-bebec60fb8f2" name="Emitter" />
		<field name="SpawnProbability">1.0</field>
	</instance>
	<instance guid="1DE5FBE3-ADF1-4DC6-B77E-853E5993984B" type="Emitter.EmitterEntityData">
		<array name="Components" />
		<field name="Enumeration">0</field>
		<field name="Name" />
		<complex name="Transform">-0.661267220974/0.315724998713/-0.680471897125/*nonzero*/0.220033407211/0.948850095272/0.226423442364/*nonzero*/0.717153310776/-1.49011427197e-07/-0.696913480759/*nonzero*/0/0/0/*nonzero*</complex>
		<field name="MaxInstanceCount">30</field>
		<field name="CullDistance">0</field>
		<field name="ResetInstanceWhenStarted">true</field>
		<field name="TriggerPostEffect">false</field>
		<field name="PostEffectContrastOffset">0</field>
		<complex name="PostEffectBrightnessOffset">0/0/0/*nonzero*</complex>
		<field name="PostEffectFadeInTime">0</field>
		<field name="PostEffectFadeOutTime">0</field>
		<field name="PostEffectSizeScale">1.0</field>
		<field name="PostEffectDistanceFallof">0.00999999977648</field>
		<field name="MoveEmitterInSpiral">false</field>
		<field name="ShootEmitterFromCamera">false</field>
		<field name="SpawnCompositeMeshPart">false</field>
		<field name="CompositeMeshPartIndex">-1</field>
		<field name="StartStop">true</field>
		<field name="Pause">false</field>
		<field ref="fx/weapons/muzzleflashes/specific/emitter_us_shg_3p/em_muzz_us_shg_firearm_3p_02/2fd07082-f057-48c4-8d59-bebec60fb8f2" name="Emitter" />
		<field name="SpawnProbability">1.0</field>
	</instance>
	<instance guid="7396F458-FEBC-4F15-A779-4B88B26C96D3" type="Emitter.EmitterEntityData">
		<array name="Components" />
		<field name="Enumeration">0</field>
		<field name="Name" />
		<complex name="Transform">0.945942223072/-2.55993336395e-06/-0.324334532022/*nonzero*/-0.099939763546/0.951338469982/-0.291488200426/*nonzero*/0.308552742004/0.308144956827/0.899911165237/*nonzero*/0/0/0/*nonzero*</complex>
		<field name="MaxInstanceCount">30</field>
		<field name="CullDistance">0</field>
		<field name="ResetInstanceWhenStarted">true</field>
		<field name="TriggerPostEffect">false</field>
		<field name="PostEffectContrastOffset">0</field>
		<complex name="PostEffectBrightnessOffset">0/0/0/*nonzero*</complex>
		<field name="PostEffectFadeInTime">0</field>
		<field name="PostEffectFadeOutTime">0</field>
		<field name="PostEffectSizeScale">1.0</field>
		<field name="PostEffectDistanceFallof">0.00999999977648</field>
		<field name="MoveEmitterInSpiral">false</field>
		<field name="ShootEmitterFromCamera">false</field>
		<field name="SpawnCompositeMeshPart">false</field>
		<field name="CompositeMeshPartIndex">-1</field>
		<field name="StartStop">true</field>
		<field name="Pause">false</field>
		<field ref="fx/weapons/muzzleflashes/specific/emitter_us_shg_3p/em_muzz_us_shg_firearm_3p_02/2fd07082-f057-48c4-8d59-bebec60fb8f2" name="Emitter" />
		<field name="SpawnProbability">1.0</field>
	</instance>
	<instance guid="8B5686A4-B537-4052-AF4A-EB14422FC5C4" type="Emitter.EmitterEntityData">
		<array name="Components" />
		<field name="Enumeration">0</field>
		<field name="Name" />
		<complex name="Transform">0.308555155993/0.308145165443/0.899910151958/*nonzero*/-0.0999418124557/0.951338648796/-0.291487783194/*nonzero*/-0.945940732956/1.35600487283e-06/0.324337363243/*nonzero*/0/0/0/*nonzero*</complex>
		<field name="MaxInstanceCount">30</field>
		<field name="CullDistance">0</field>
		<field name="ResetInstanceWhenStarted">true</field>
		<field name="TriggerPostEffect">false</field>
		<field name="PostEffectContrastOffset">0</field>
		<complex name="PostEffectBrightnessOffset">0/0/0/*nonzero*</complex>
		<field name="PostEffectFadeInTime">0</field>
		<field name="PostEffectFadeOutTime">0</field>
		<field name="PostEffectSizeScale">1.0</field>
		<field name="PostEffectDistanceFallof">0.00999999977648</field>
		<field name="MoveEmitterInSpiral">false</field>
		<field name="ShootEmitterFromCamera">false</field>
		<field name="SpawnCompositeMeshPart">false</field>
		<field name="CompositeMeshPartIndex">-1</field>
		<field name="StartStop">true</field>
		<field name="Pause">false</field>
		<field ref="fx/weapons/muzzleflashes/specific/emitter_us_shg_3p/em_muzz_us_shg_firearm_3p_02/2fd07082-f057-48c4-8d59-bebec60fb8f2" name="Emitter" />
		<field name="SpawnProbability">1.0</field>
	</instance>
	<instance guid="DB5C214B-0BD0-498B-A2C4-BA859C351226" type="Emitter.EmitterEntityData">
		<array name="Components" />
		<field name="Enumeration">0</field>
		<field name="Name" />
		<complex name="Transform">1.0/0/0/*nonzero*/0/1.0/0/*nonzero*/0/0/1.0/*nonzero*/0/0/0/*nonzero*</complex>
		<field name="MaxInstanceCount">30</field>
		<field name="CullDistance">0</field>
		<field name="ResetInstanceWhenStarted">true</field>
		<field name="TriggerPostEffect">false</field>
		<field name="PostEffectContrastOffset">0</field>
		<complex name="PostEffectBrightnessOffset">0/0/0/*nonzero*</complex>
		<field name="PostEffectFadeInTime">0</field>
		<field name="PostEffectFadeOutTime">0</field>
		<field name="PostEffectSizeScale">1.0</field>
		<field name="PostEffectDistanceFallof">0.00999999977648</field>
		<field name="MoveEmitterInSpiral">false</field>
		<field name="ShootEmitterFromCamera">false</field>
		<field name="SpawnCompositeMeshPart">false</field>
		<field name="CompositeMeshPartIndex">-1</field>
		<field name="StartStop">true</field>
		<field name="Pause">false</field>
		<field ref="fx/weapons/muzzleflashes/specific/emitter_us_shg_3p/em_muzz_us_shg_firearm_3p_01/26bd287f-4343-4a7a-a9a8-def1dfa19203" name="Emitter" />
		<field name="SpawnProbability">1.0</field>
	</instance>
	<instance guid="9E875F6C-47D0-4848-AB0E-DE4FF80089EC" type="Emitter.EmitterEntityData">
		<array name="Components" />
		<field name="Enumeration">0</field>
		<field name="Name" />
		<complex name="Transform">3.42285417787e-08/0/-0.999999940395/*nonzero*/0/1.0/0/*nonzero*/0.999999940395/0/3.42285417787e-08/*nonzero*/0/0/0/*nonzero*</complex>
		<field name="MaxInstanceCount">30</field>
		<field name="CullDistance">0</field>
		<field name="ResetInstanceWhenStarted">true</field>
		<field name="TriggerPostEffect">false</field>
		<field name="PostEffectContrastOffset">0</field>
		<complex name="PostEffectBrightnessOffset">0/0/0/*nonzero*</complex>
		<field name="PostEffectFadeInTime">0</field>
		<field name="PostEffectFadeOutTime">0</field>
		<field name="PostEffectSizeScale">1.0</field>
		<field name="PostEffectDistanceFallof">0.00999999977648</field>
		<field name="MoveEmitterInSpiral">false</field>
		<field name="ShootEmitterFromCamera">false</field>
		<field name="SpawnCompositeMeshPart">false</field>
		<field name="CompositeMeshPartIndex">-1</field>
		<field name="StartStop">true</field>
		<field name="Pause">false</field>
		<field ref="fx/weapons/muzzleflashes/specific/emitter_us_shg_3p/em_muzz_us_shg_firearm_3p_01/26bd287f-4343-4a7a-a9a8-def1dfa19203" name="Emitter" />
		<field name="SpawnProbability">1.0</field>
	</instance>
	<instance guid="33155294-F93B-4F7E-9A2C-C909906F543C" type="Emitter.EmitterEntityData">
		<array name="Components" />
		<field name="Enumeration">0</field>
		<field name="Name" />
		<complex name="Transform">0.9487657547/0.0168802496046/0.315529018641/*nonzero*/-0.133957535028/0.925882816315/0.353264391422/*nonzero*/-0.286179721355/-0.37743267417/0.880707204342/*nonzero*/0/0/0/*nonzero*</complex>
		<field name="MaxInstanceCount">30</field>
		<field name="CullDistance">0</field>
		<field name="ResetInstanceWhenStarted">true</field>
		<field name="TriggerPostEffect">false</field>
		<field name="PostEffectContrastOffset">0</field>
		<complex name="PostEffectBrightnessOffset">0/0/0/*nonzero*</complex>
		<field name="PostEffectFadeInTime">0</field>
		<field name="PostEffectFadeOutTime">0</field>
		<field name="PostEffectSizeScale">1.0</field>
		<field name="PostEffectDistanceFallof">0.00999999977648</field>
		<field name="MoveEmitterInSpiral">false</field>
		<field name="ShootEmitterFromCamera">false</field>
		<field name="SpawnCompositeMeshPart">false</field>
		<field name="CompositeMeshPartIndex">-1</field>
		<field name="StartStop">true</field>
		<field name="Pause">false</field>
		<field ref="fx/weapons/muzzleflashes/specific/emitter_us_shg_3p/em_muzz_us_shg_firearm_3p_02/2fd07082-f057-48c4-8d59-bebec60fb8f2" name="Emitter" />
		<field name="SpawnProbability">1.0</field>
	</instance>
	<instance guid="D17B0FA8-F444-4AD5-9EE7-9AE0501C41DB" type="Emitter.EmitterEntityData">
		<array name="Components" />
		<field name="Enumeration">0</field>
		<field name="Name" />
		<complex name="Transform">0.286181509495/0.377432435751/-0.880706250668/*nonzero*/-0.116640493274/0.926036834717/0.358957290649/*nonzero*/0.951048851013/-8.79168112533e-07/0.309038639069/*nonzero*/0/0/0/*nonzero*</complex>
		<field name="MaxInstanceCount">30</field>
		<field name="CullDistance">0</field>
		<field name="ResetInstanceWhenStarted">true</field>
		<field name="TriggerPostEffect">false</field>
		<field name="PostEffectContrastOffset">0</field>
		<complex name="PostEffectBrightnessOffset">0/0/0/*nonzero*</complex>
		<field name="PostEffectFadeInTime">0</field>
		<field name="PostEffectFadeOutTime">0</field>
		<field name="PostEffectSizeScale">1.0</field>
		<field name="PostEffectDistanceFallof">0.00999999977648</field>
		<field name="MoveEmitterInSpiral">false</field>
		<field name="ShootEmitterFromCamera">false</field>
		<field name="SpawnCompositeMeshPart">false</field>
		<field name="CompositeMeshPartIndex">-1</field>
		<field name="StartStop">true</field>
		<field name="Pause">false</field>
		<field ref="fx/weapons/muzzleflashes/specific/emitter_us_shg_3p/em_muzz_us_shg_firearm_3p_02/2fd07082-f057-48c4-8d59-bebec60fb8f2" name="Emitter" />
		<field name="SpawnProbability">1.0</field>
	</instance>
</partition>
