<?xml version="1.0"?>
<partition guid="DE82A592-8876-4A47-8E0C-437C8723F2AC" primaryInstance="3BBC7DEB-1DF8-4D18-8C70-71FC9FFC6D57" exportMode="All">
	<instance guid="34D00CEB-FE43-4E88-BB7F-426739F83E41" type="Entity.EffectAsset">
		<field name="Name">FX/Weapons/MuzzleFlashes/Specific/FX_Muzz_BU_Shg_3P</field>
		<field name="MemoryReportGroup">MemoryReportGroup_default</field>
		<array name="Objects" />
		<array name="EventConnections" />
		<array name="DataConnections" />
		<field ref="null" name="Descriptor" />
		<field ref="3bbc7deb-1df8-4d18-8c70-71fc9ffc6d57" name="Object" />
	</instance>
	<instance guid="3BBC7DEB-1DF8-4D18-8C70-71FC9FFC6D57" type="Entity.EffectEntityData" id="FX_Muzz_BU_Shg_3P">
		<array name="Components">
			<item ref="2eaaba8f-ba8d-4bc1-908e-772e61c3d6b8" />
			<item ref="d5de5a14-22ea-432b-8113-03ad6f8783e6" />
			<item ref="ee1e9a3d-9c19-482b-b17a-7da87edd0d5f" />
			<item ref="8952ce0b-f7a8-424a-80c5-fe49a7605498" />
			<item ref="6cb1013c-bb6d-4652-811d-42105172b534" />
			<item ref="037f2cee-fa3c-4239-abf0-0a023d9ee905" />
			<item ref="0d7ac085-8869-4284-8116-440bd27f2e6d" />
			<item ref="4543c034-806b-491c-b5ba-08d05606ff6b" />
			<item ref="d6a9482a-1072-46e3-9bba-2966b3a8f2ea" />
			<item ref="0f9e9d19-99eb-4cc2-be2c-e777f8276dec" />
			<item ref="95955885-6cb2-4289-8849-4ae624d52b60" />
			<item ref="1c54eddb-1a27-4c5d-a9c4-a3265d42559e" />
			<item ref="8d82f401-3642-4feb-9a13-9a265084addf" />
			<item ref="348fe6ea-ef72-40a6-bd99-f2ba8994c398" />
			<item ref="69c5ceb3-9a95-466e-8885-392d471205c4" />
		</array>
		<field name="Enumeration">0</field>
		<field name="Name" />
		<complex name="Transform">1.0/0/0/*nonzero*/0/1.0/0/*nonzero*/0/0/1.0/*nonzero*/0/0/0/*nonzero*</complex>
		<field name="MaxInstanceCount">30</field>
		<field name="CullDistance">0</field>
		<field name="ResetInstanceWhenStarted">true</field>
		<field name="TriggerPostEffect">false</field>
		<field name="PostEffectContrastOffset">0</field>
		<complex name="PostEffectBrightnessOffset">0/0/0/*nonzero*</complex>
		<field name="PostEffectFadeInTime">0</field>
		<field name="PostEffectFadeOutTime">0</field>
		<field name="PostEffectSizeScale">1.0</field>
		<field name="PostEffectDistanceFallof">0.00999999977648</field>
	</instance>
	<instance guid="2EAABA8F-BA8D-4BC1-908E-772E61C3D6B8" type="Emitter.EmitterEntityData">
		<array name="Components" />
		<field name="Enumeration">0</field>
		<field name="Name" />
		<complex name="Transform">1.0/0/0/*nonzero*/0/1.0/0/*nonzero*/0/0/1.0/*nonzero*/0/0.142704963684/0/*nonzero*</complex>
		<field name="MaxInstanceCount">30</field>
		<field name="CullDistance">0</field>
		<field name="ResetInstanceWhenStarted">true</field>
		<field name="TriggerPostEffect">false</field>
		<field name="PostEffectContrastOffset">0</field>
		<complex name="PostEffectBrightnessOffset">0/0/0/*nonzero*</complex>
		<field name="PostEffectFadeInTime">0</field>
		<field name="PostEffectFadeOutTime">0</field>
		<field name="PostEffectSizeScale">1.0</field>
		<field name="PostEffectDistanceFallof">0.00999999977648</field>
		<field name="MoveEmitterInSpiral">false</field>
		<field name="ShootEmitterFromCamera">false</field>
		<field name="SpawnCompositeMeshPart">false</field>
		<field name="CompositeMeshPartIndex">-1</field>
		<field name="StartStop">true</field>
		<field name="Pause">false</field>
		<field ref="fx/weapons/muzzleflashes/specific/emitter_bu_shg_3p/em_muzz_bu_shg_fire_3p_01/c2700e0a-2647-4b78-a3e7-258ad3e4d0f9" name="Emitter" />
		<field name="SpawnProbability">1.0</field>
	</instance>
	<instance guid="D5DE5A14-22EA-432B-8113-03AD6F8783E6" type="Emitter.EmitterEntityData">
		<array name="Components" />
		<field name="Enumeration">0</field>
		<field name="Name" />
		<complex name="Transform">1.0/0/0/*nonzero*/0/1.0/0/*nonzero*/0/0/1.0/*nonzero*/0/0/0/*nonzero*</complex>
		<field name="MaxInstanceCount">30</field>
		<field name="CullDistance">0</field>
		<field name="ResetInstanceWhenStarted">true</field>
		<field name="TriggerPostEffect">false</field>
		<field name="PostEffectContrastOffset">0</field>
		<complex name="PostEffectBrightnessOffset">0/0/0/*nonzero*</complex>
		<field name="PostEffectFadeInTime">0</field>
		<field name="PostEffectFadeOutTime">0</field>
		<field name="PostEffectSizeScale">1.0</field>
		<field name="PostEffectDistanceFallof">0.00999999977648</field>
		<field name="MoveEmitterInSpiral">false</field>
		<field name="ShootEmitterFromCamera">false</field>
		<field name="SpawnCompositeMeshPart">false</field>
		<field name="CompositeMeshPartIndex">-1</field>
		<field name="StartStop">true</field>
		<field name="Pause">false</field>
		<field ref="fx/weapons/muzzleflashes/specific/emitter_bu_shg_3p/em_muzz_bu_shg_glow_3p_01/e8e74026-0739-4acd-893d-592adbdaa28b" name="Emitter" />
		<field name="SpawnProbability">1.0</field>
	</instance>
	<instance guid="EE1E9A3D-9C19-482B-B17A-7DA87EDD0D5F" type="Emitter.EmitterEntityData">
		<array name="Components" />
		<field name="Enumeration">0</field>
		<field name="Name" />
		<complex name="Transform">1.0/0/0/*nonzero*/0/1.0/0/*nonzero*/0/0/1.0/*nonzero*/0/0/0/*nonzero*</complex>
		<field name="MaxInstanceCount">30</field>
		<field name="CullDistance">0</field>
		<field name="ResetInstanceWhenStarted">true</field>
		<field name="TriggerPostEffect">false</field>
		<field name="PostEffectContrastOffset">0</field>
		<complex name="PostEffectBrightnessOffset">0/0/0/*nonzero*</complex>
		<field name="PostEffectFadeInTime">0</field>
		<field name="PostEffectFadeOutTime">0</field>
		<field name="PostEffectSizeScale">1.0</field>
		<field name="PostEffectDistanceFallof">0.00999999977648</field>
		<field name="MoveEmitterInSpiral">false</field>
		<field name="ShootEmitterFromCamera">false</field>
		<field name="SpawnCompositeMeshPart">false</field>
		<field name="CompositeMeshPartIndex">-1</field>
		<field name="StartStop">true</field>
		<field name="Pause">false</field>
		<field ref="fx/weapons/muzzleflashes/specific/emitter_bu_shg_3p/em_muzz_bu_shg_smokeburst_3p_01/e39debff-caf8-4d08-8fb2-e07dbe5db462" name="Emitter" />
		<field name="SpawnProbability">1.0</field>
	</instance>
	<instance guid="8952CE0B-F7A8-424A-80C5-FE49A7605498" type="Emitter.EmitterEntityData">
		<array name="Components" />
		<field name="Enumeration">0</field>
		<field name="Name" />
		<complex name="Transform">0.941333413124/0.336738139391/-0.0223051439971/*nonzero*/-0.336643606424/0.941597640514/0.00797788333148/*nonzero*/0.0236889533699/-9.63452976066e-07/0.999719142914/*nonzero*/0/0/0/*nonzero*</complex>
		<field name="MaxInstanceCount">30</field>
		<field name="CullDistance">0</field>
		<field name="ResetInstanceWhenStarted">true</field>
		<field name="TriggerPostEffect">false</field>
		<field name="PostEffectContrastOffset">0</field>
		<complex name="PostEffectBrightnessOffset">0/0/0/*nonzero*</complex>
		<field name="PostEffectFadeInTime">0</field>
		<field name="PostEffectFadeOutTime">0</field>
		<field name="PostEffectSizeScale">1.0</field>
		<field name="PostEffectDistanceFallof">0.00999999977648</field>
		<field name="MoveEmitterInSpiral">false</field>
		<field name="ShootEmitterFromCamera">false</field>
		<field name="SpawnCompositeMeshPart">false</field>
		<field name="CompositeMeshPartIndex">-1</field>
		<field name="StartStop">true</field>
		<field name="Pause">false</field>
		<field ref="fx/weapons/muzzleflashes/specific/emitter_bu_shg_3p/em_muzz_bu_shg_firearm_3p_02/4ecedd26-4721-440e-97d0-578b2b1c4600" name="Emitter" />
		<field name="SpawnProbability">1.0</field>
	</instance>
	<instance guid="6CB1013C-BB6D-4652-811D-42105172B534" type="Emitter.EmitterEntityData">
		<array name="Components" />
		<field name="Enumeration">0</field>
		<field name="Name" />
		<complex name="Transform">0.550452470779/-3.69954790358e-07/0.834866046906/*nonzero*/0.22171613574/0.964090824127/-0.146183729172/*nonzero*/-0.804886937141/0.265570580959/0.530686438084/*nonzero*/0/0/0/*nonzero*</complex>
		<field name="MaxInstanceCount">30</field>
		<field name="CullDistance">0</field>
		<field name="ResetInstanceWhenStarted">true</field>
		<field name="TriggerPostEffect">false</field>
		<field name="PostEffectContrastOffset">0</field>
		<complex name="PostEffectBrightnessOffset">0/0/0/*nonzero*</complex>
		<field name="PostEffectFadeInTime">0</field>
		<field name="PostEffectFadeOutTime">0</field>
		<field name="PostEffectSizeScale">1.0</field>
		<field name="PostEffectDistanceFallof">0.00999999977648</field>
		<field name="MoveEmitterInSpiral">false</field>
		<field name="ShootEmitterFromCamera">false</field>
		<field name="SpawnCompositeMeshPart">false</field>
		<field name="CompositeMeshPartIndex">-1</field>
		<field name="StartStop">true</field>
		<field name="Pause">false</field>
		<field ref="fx/weapons/muzzleflashes/specific/emitter_bu_shg_3p/em_muzz_bu_shg_firearm_3p_02/4ecedd26-4721-440e-97d0-578b2b1c4600" name="Emitter" />
		<field name="SpawnProbability">1.0</field>
	</instance>
	<instance guid="037F2CEE-FA3C-4239-ABF0-0A023D9EE905" type="Emitter.EmitterEntityData">
		<array name="Components" />
		<field name="Enumeration">0</field>
		<field name="Name" />
		<complex name="Transform">-0.0236885882914/5.73378201807e-07/-0.999717712402/*nonzero*/-0.336644977331/0.94159668684/0.00797744747251/*nonzero*/0.941332280636/0.336739420891/-0.0223049335182/*nonzero*/0/0/0/*nonzero*</complex>
		<field name="MaxInstanceCount">30</field>
		<field name="CullDistance">0</field>
		<field name="ResetInstanceWhenStarted">true</field>
		<field name="TriggerPostEffect">false</field>
		<field name="PostEffectContrastOffset">0</field>
		<complex name="PostEffectBrightnessOffset">0/0/0/*nonzero*</complex>
		<field name="PostEffectFadeInTime">0</field>
		<field name="PostEffectFadeOutTime">0</field>
		<field name="PostEffectSizeScale">1.0</field>
		<field name="PostEffectDistanceFallof">0.00999999977648</field>
		<field name="MoveEmitterInSpiral">false</field>
		<field name="ShootEmitterFromCamera">false</field>
		<field name="SpawnCompositeMeshPart">false</field>
		<field name="CompositeMeshPartIndex">-1</field>
		<field name="StartStop">true</field>
		<field name="Pause">false</field>
		<field ref="fx/weapons/muzzleflashes/specific/emitter_bu_shg_3p/em_muzz_bu_shg_firearm_3p_02/4ecedd26-4721-440e-97d0-578b2b1c4600" name="Emitter" />
		<field name="SpawnProbability">1.0</field>
	</instance>
	<instance guid="0D7AC085-8869-4284-8116-440BD27F2E6D" type="Emitter.EmitterEntityData">
		<array name="Components" />
		<field name="Enumeration">0</field>
		<field name="Name" />
		<complex name="Transform">-0.804885864258/0.265571445227/0.530685067177/*nonzero*/0.221717059612/0.96408957243/-0.146184042096/*nonzero*/-0.550450563431/4.61934689611e-07/-0.834864258766/*nonzero*/0/0/0/*nonzero*</complex>
		<field name="MaxInstanceCount">30</field>
		<field name="CullDistance">0</field>
		<field name="ResetInstanceWhenStarted">true</field>
		<field name="TriggerPostEffect">false</field>
		<field name="PostEffectContrastOffset">0</field>
		<complex name="PostEffectBrightnessOffset">0/0/0/*nonzero*</complex>
		<field name="PostEffectFadeInTime">0</field>
		<field name="PostEffectFadeOutTime">0</field>
		<field name="PostEffectSizeScale">1.0</field>
		<field name="PostEffectDistanceFallof">0.00999999977648</field>
		<field name="MoveEmitterInSpiral">false</field>
		<field name="ShootEmitterFromCamera">false</field>
		<field name="SpawnCompositeMeshPart">false</field>
		<field name="CompositeMeshPartIndex">-1</field>
		<field name="StartStop">true</field>
		<field name="Pause">false</field>
		<field ref="fx/weapons/muzzleflashes/specific/emitter_bu_shg_3p/em_muzz_bu_shg_firearm_3p_02/4ecedd26-4721-440e-97d0-578b2b1c4600" name="Emitter" />
		<field name="SpawnProbability">1.0</field>
	</instance>
	<instance guid="4543C034-806B-491C-B5BA-08D05606FF6B" type="Emitter.EmitterEntityData">
		<array name="Components" />
		<field name="Enumeration">0</field>
		<field name="Name" />
		<complex name="Transform">0.717154920101/-5.28153272228e-08/-0.696913480759/*nonzero*/0.22003236413/0.948850393295/0.226422980428/*nonzero*/0.661266744137/-0.315723955631/0.680472910404/*nonzero*/0/0/0/*nonzero*</complex>
		<field name="MaxInstanceCount">30</field>
		<field name="CullDistance">0</field>
		<field name="ResetInstanceWhenStarted">true</field>
		<field name="TriggerPostEffect">false</field>
		<field name="PostEffectContrastOffset">0</field>
		<complex name="PostEffectBrightnessOffset">0/0/0/*nonzero*</complex>
		<field name="PostEffectFadeInTime">0</field>
		<field name="PostEffectFadeOutTime">0</field>
		<field name="PostEffectSizeScale">1.0</field>
		<field name="PostEffectDistanceFallof">0.00999999977648</field>
		<field name="MoveEmitterInSpiral">false</field>
		<field name="ShootEmitterFromCamera">false</field>
		<field name="SpawnCompositeMeshPart">false</field>
		<field name="CompositeMeshPartIndex">-1</field>
		<field name="StartStop">true</field>
		<field name="Pause">false</field>
		<field ref="fx/weapons/muzzleflashes/specific/emitter_bu_shg_3p/em_muzz_bu_shg_firearm_3p_02/4ecedd26-4721-440e-97d0-578b2b1c4600" name="Emitter" />
		<field name="SpawnProbability">1.0</field>
	</instance>
	<instance guid="D6A9482A-1072-46E3-9BBA-2966B3A8F2EA" type="Emitter.EmitterEntityData">
		<array name="Components" />
		<field name="Enumeration">0</field>
		<field name="Name" />
		<complex name="Transform">-0.661267220974/0.315724998713/-0.680471897125/*nonzero*/0.220033407211/0.948850095272/0.226423442364/*nonzero*/0.717153310776/-1.49011427197e-07/-0.696913480759/*nonzero*/0/0/0/*nonzero*</complex>
		<field name="MaxInstanceCount">30</field>
		<field name="CullDistance">0</field>
		<field name="ResetInstanceWhenStarted">true</field>
		<field name="TriggerPostEffect">false</field>
		<field name="PostEffectContrastOffset">0</field>
		<complex name="PostEffectBrightnessOffset">0/0/0/*nonzero*</complex>
		<field name="PostEffectFadeInTime">0</field>
		<field name="PostEffectFadeOutTime">0</field>
		<field name="PostEffectSizeScale">1.0</field>
		<field name="PostEffectDistanceFallof">0.00999999977648</field>
		<field name="MoveEmitterInSpiral">false</field>
		<field name="ShootEmitterFromCamera">false</field>
		<field name="SpawnCompositeMeshPart">false</field>
		<field name="CompositeMeshPartIndex">-1</field>
		<field name="StartStop">true</field>
		<field name="Pause">false</field>
		<field ref="fx/weapons/muzzleflashes/specific/emitter_bu_shg_3p/em_muzz_bu_shg_firearm_3p_02/4ecedd26-4721-440e-97d0-578b2b1c4600" name="Emitter" />
		<field name="SpawnProbability">1.0</field>
	</instance>
	<instance guid="0F9E9D19-99EB-4CC2-BE2C-E777F8276DEC" type="Emitter.EmitterEntityData">
		<array name="Components" />
		<field name="Enumeration">0</field>
		<field name="Name" />
		<complex name="Transform">0.945942223072/-2.55993336395e-06/-0.324334532022/*nonzero*/-0.099939763546/0.951338469982/-0.291488200426/*nonzero*/0.308552742004/0.308144956827/0.899911165237/*nonzero*/0/0/0/*nonzero*</complex>
		<field name="MaxInstanceCount">30</field>
		<field name="CullDistance">0</field>
		<field name="ResetInstanceWhenStarted">true</field>
		<field name="TriggerPostEffect">false</field>
		<field name="PostEffectContrastOffset">0</field>
		<complex name="PostEffectBrightnessOffset">0/0/0/*nonzero*</complex>
		<field name="PostEffectFadeInTime">0</field>
		<field name="PostEffectFadeOutTime">0</field>
		<field name="PostEffectSizeScale">1.0</field>
		<field name="PostEffectDistanceFallof">0.00999999977648</field>
		<field name="MoveEmitterInSpiral">false</field>
		<field name="ShootEmitterFromCamera">false</field>
		<field name="SpawnCompositeMeshPart">false</field>
		<field name="CompositeMeshPartIndex">-1</field>
		<field name="StartStop">true</field>
		<field name="Pause">false</field>
		<field ref="fx/weapons/muzzleflashes/specific/emitter_bu_shg_3p/em_muzz_bu_shg_firearm_3p_02/4ecedd26-4721-440e-97d0-578b2b1c4600" name="Emitter" />
		<field name="SpawnProbability">1.0</field>
	</instance>
	<instance guid="95955885-6CB2-4289-8849-4AE624D52B60" type="Emitter.EmitterEntityData">
		<array name="Components" />
		<field name="Enumeration">0</field>
		<field name="Name" />
		<complex name="Transform">0.308555155993/0.308145165443/0.899910151958/*nonzero*/-0.0999418124557/0.951338648796/-0.291487783194/*nonzero*/-0.945940732956/1.35600487283e-06/0.324337363243/*nonzero*/0/0/0/*nonzero*</complex>
		<field name="MaxInstanceCount">30</field>
		<field name="CullDistance">0</field>
		<field name="ResetInstanceWhenStarted">true</field>
		<field name="TriggerPostEffect">false</field>
		<field name="PostEffectContrastOffset">0</field>
		<complex name="PostEffectBrightnessOffset">0/0/0/*nonzero*</complex>
		<field name="PostEffectFadeInTime">0</field>
		<field name="PostEffectFadeOutTime">0</field>
		<field name="PostEffectSizeScale">1.0</field>
		<field name="PostEffectDistanceFallof">0.00999999977648</field>
		<field name="MoveEmitterInSpiral">false</field>
		<field name="ShootEmitterFromCamera">false</field>
		<field name="SpawnCompositeMeshPart">false</field>
		<field name="CompositeMeshPartIndex">-1</field>
		<field name="StartStop">true</field>
		<field name="Pause">false</field>
		<field ref="fx/weapons/muzzleflashes/specific/emitter_bu_shg_3p/em_muzz_bu_shg_firearm_3p_02/4ecedd26-4721-440e-97d0-578b2b1c4600" name="Emitter" />
		<field name="SpawnProbability">1.0</field>
	</instance>
	<instance guid="1C54EDDB-1A27-4C5D-A9C4-A3265D42559E" type="Emitter.EmitterEntityData">
		<array name="Components" />
		<field name="Enumeration">0</field>
		<field name="Name" />
		<complex name="Transform">1.0/0/0/*nonzero*/0/1.0/0/*nonzero*/0/0/1.0/*nonzero*/0/0/0/*nonzero*</complex>
		<field name="MaxInstanceCount">30</field>
		<field name="CullDistance">0</field>
		<field name="ResetInstanceWhenStarted">true</field>
		<field name="TriggerPostEffect">false</field>
		<field name="PostEffectContrastOffset">0</field>
		<complex name="PostEffectBrightnessOffset">0/0/0/*nonzero*</complex>
		<field name="PostEffectFadeInTime">0</field>
		<field name="PostEffectFadeOutTime">0</field>
		<field name="PostEffectSizeScale">1.0</field>
		<field name="PostEffectDistanceFallof">0.00999999977648</field>
		<field name="MoveEmitterInSpiral">false</field>
		<field name="ShootEmitterFromCamera">false</field>
		<field name="SpawnCompositeMeshPart">false</field>
		<field name="CompositeMeshPartIndex">-1</field>
		<field name="StartStop">true</field>
		<field name="Pause">false</field>
		<field ref="fx/weapons/muzzleflashes/specific/emitter_bu_shg_3p/em_muzz_bu_shg_firearm_3p_01/743acb1d-e631-4b73-a17e-2f6b49897763" name="Emitter" />
		<field name="SpawnProbability">1.0</field>
	</instance>
	<instance guid="8D82F401-3642-4FEB-9A13-9A265084ADDF" type="Emitter.EmitterEntityData">
		<array name="Components" />
		<field name="Enumeration">0</field>
		<field name="Name" />
		<complex name="Transform">3.42285417787e-08/0/-0.999999940395/*nonzero*/0/1.0/0/*nonzero*/0.999999940395/0/3.42285417787e-08/*nonzero*/0/0/0/*nonzero*</complex>
		<field name="MaxInstanceCount">30</field>
		<field name="CullDistance">0</field>
		<field name="ResetInstanceWhenStarted">true</field>
		<field name="TriggerPostEffect">false</field>
		<field name="PostEffectContrastOffset">0</field>
		<complex name="PostEffectBrightnessOffset">0/0/0/*nonzero*</complex>
		<field name="PostEffectFadeInTime">0</field>
		<field name="PostEffectFadeOutTime">0</field>
		<field name="PostEffectSizeScale">1.0</field>
		<field name="PostEffectDistanceFallof">0.00999999977648</field>
		<field name="MoveEmitterInSpiral">false</field>
		<field name="ShootEmitterFromCamera">false</field>
		<field name="SpawnCompositeMeshPart">false</field>
		<field name="CompositeMeshPartIndex">-1</field>
		<field name="StartStop">true</field>
		<field name="Pause">false</field>
		<field ref="fx/weapons/muzzleflashes/specific/emitter_bu_shg_3p/em_muzz_bu_shg_firearm_3p_01/743acb1d-e631-4b73-a17e-2f6b49897763" name="Emitter" />
		<field name="SpawnProbability">1.0</field>
	</instance>
	<instance guid="348FE6EA-EF72-40A6-BD99-F2BA8994C398" type="Emitter.EmitterEntityData">
		<array name="Components" />
		<field name="Enumeration">0</field>
		<field name="Name" />
		<complex name="Transform">0.9487657547/0.0168802496046/0.315529018641/*nonzero*/-0.133957535028/0.925882816315/0.353264391422/*nonzero*/-0.286179721355/-0.37743267417/0.880707204342/*nonzero*/0/0/0/*nonzero*</complex>
		<field name="MaxInstanceCount">30</field>
		<field name="CullDistance">0</field>
		<field name="ResetInstanceWhenStarted">true</field>
		<field name="TriggerPostEffect">false</field>
		<field name="PostEffectContrastOffset">0</field>
		<complex name="PostEffectBrightnessOffset">0/0/0/*nonzero*</complex>
		<field name="PostEffectFadeInTime">0</field>
		<field name="PostEffectFadeOutTime">0</field>
		<field name="PostEffectSizeScale">1.0</field>
		<field name="PostEffectDistanceFallof">0.00999999977648</field>
		<field name="MoveEmitterInSpiral">false</field>
		<field name="ShootEmitterFromCamera">false</field>
		<field name="SpawnCompositeMeshPart">false</field>
		<field name="CompositeMeshPartIndex">-1</field>
		<field name="StartStop">true</field>
		<field name="Pause">false</field>
		<field ref="fx/weapons/muzzleflashes/specific/emitter_bu_shg_3p/em_muzz_bu_shg_firearm_3p_02/4ecedd26-4721-440e-97d0-578b2b1c4600" name="Emitter" />
		<field name="SpawnProbability">1.0</field>
	</instance>
	<instance guid="69C5CEB3-9A95-466E-8885-392D471205C4" type="Emitter.EmitterEntityData">
		<array name="Components" />
		<field name="Enumeration">0</field>
		<field name="Name" />
		<complex name="Transform">0.286181509495/0.377432435751/-0.880706250668/*nonzero*/-0.116640493274/0.926036834717/0.358957290649/*nonzero*/0.951048851013/-8.79168112533e-07/0.309038639069/*nonzero*/0/0/0/*nonzero*</complex>
		<field name="MaxInstanceCount">30</field>
		<field name="CullDistance">0</field>
		<field name="ResetInstanceWhenStarted">true</field>
		<field name="TriggerPostEffect">false</field>
		<field name="PostEffectContrastOffset">0</field>
		<complex name="PostEffectBrightnessOffset">0/0/0/*nonzero*</complex>
		<field name="PostEffectFadeInTime">0</field>
		<field name="PostEffectFadeOutTime">0</field>
		<field name="PostEffectSizeScale">1.0</field>
		<field name="PostEffectDistanceFallof">0.00999999977648</field>
		<field name="MoveEmitterInSpiral">false</field>
		<field name="ShootEmitterFromCamera">false</field>
		<field name="SpawnCompositeMeshPart">false</field>
		<field name="CompositeMeshPartIndex">-1</field>
		<field name="StartStop">true</field>
		<field name="Pause">false</field>
		<field ref="fx/weapons/muzzleflashes/specific/emitter_bu_shg_3p/em_muzz_bu_shg_firearm_3p_02/4ecedd26-4721-440e-97d0-578b2b1c4600" name="Emitter" />
		<field name="SpawnProbability">1.0</field>
	</instance>
</partition>
