<?xml version="1.0"?>
<partition guid="835EE378-33DD-4AE9-8F15-1ECCAABEDF5E" primaryInstance="86627400-27F4-4A89-9F7B-344F34779704" exportMode="All">
	<instance guid="9F22A678-9B55-4BBD-AEAE-1303AAE220F0" type="Entity.EffectAsset">
		<field name="Name">FX/Weapons/MuzzleFlashes/Specific/FX_Muzz_RU_Shg_3P</field>
		<field name="MemoryReportGroup">MemoryReportGroup_default</field>
		<array name="Objects" />
		<array name="EventConnections" />
		<array name="DataConnections" />
		<field ref="null" name="Descriptor" />
		<field ref="86627400-27f4-4a89-9f7b-344f34779704" name="Object" />
	</instance>
	<instance guid="86627400-27F4-4A89-9F7B-344F34779704" type="Entity.EffectEntityData" id="FX_Muzz_RU_Shg_3P">
		<array name="Components">
			<item ref="f2888fdc-aa6d-4d25-be99-e79f76e74db2" />
			<item ref="69ddbbfa-10a8-48ae-8728-35658364f406" />
			<item ref="298db31e-58c6-434c-8336-68a5f2431106" />
			<item ref="7a6c8f71-07e0-4ca0-87bd-43af4828771f" />
			<item ref="b7552680-d36b-4be9-9632-df124b5c1268" />
			<item ref="fbd4291a-d1c6-411b-beee-2bf5bb008708" />
			<item ref="95e12746-31db-4e2b-89fd-a6c43ea52a57" />
			<item ref="ee166ee8-6eb4-4e9a-bc17-87687ceada53" />
			<item ref="4d985aee-29ec-430b-8a21-07b7cf0b9f88" />
			<item ref="c4d5f0aa-3fd8-46f1-963f-90476f165d4b" />
			<item ref="8963ab5b-1f71-4535-823a-604edd9864a8" />
			<item ref="9167d5f9-56d2-4534-aa0b-b89d7095008a" />
			<item ref="85ed621b-546c-4ba2-9770-4eebfa27df89" />
			<item ref="f246e0fe-369d-4174-9578-e02c09577cdb" />
			<item ref="dc9a617b-8a99-4d6f-8f9f-1ef687d81ad5" />
		</array>
		<field name="Enumeration">0</field>
		<field name="Name" />
		<complex name="Transform">1.0/0/0/*nonzero*/0/1.0/0/*nonzero*/0/0/1.0/*nonzero*/0/0/0/*nonzero*</complex>
		<field name="MaxInstanceCount">30</field>
		<field name="CullDistance">0</field>
		<field name="ResetInstanceWhenStarted">true</field>
		<field name="TriggerPostEffect">false</field>
		<field name="PostEffectContrastOffset">0</field>
		<complex name="PostEffectBrightnessOffset">0/0/0/*nonzero*</complex>
		<field name="PostEffectFadeInTime">0</field>
		<field name="PostEffectFadeOutTime">0</field>
		<field name="PostEffectSizeScale">1.0</field>
		<field name="PostEffectDistanceFallof">0.00999999977648</field>
	</instance>
	<instance guid="F2888FDC-AA6D-4D25-BE99-E79F76E74DB2" type="Emitter.EmitterEntityData">
		<array name="Components" />
		<field name="Enumeration">0</field>
		<field name="Name" />
		<complex name="Transform">1.0/0/0/*nonzero*/0/1.0/0/*nonzero*/0/0/1.0/*nonzero*/0/0.142704963684/0/*nonzero*</complex>
		<field name="MaxInstanceCount">30</field>
		<field name="CullDistance">0</field>
		<field name="ResetInstanceWhenStarted">true</field>
		<field name="TriggerPostEffect">false</field>
		<field name="PostEffectContrastOffset">0</field>
		<complex name="PostEffectBrightnessOffset">0/0/0/*nonzero*</complex>
		<field name="PostEffectFadeInTime">0</field>
		<field name="PostEffectFadeOutTime">0</field>
		<field name="PostEffectSizeScale">1.0</field>
		<field name="PostEffectDistanceFallof">0.00999999977648</field>
		<field name="MoveEmitterInSpiral">false</field>
		<field name="ShootEmitterFromCamera">false</field>
		<field name="SpawnCompositeMeshPart">false</field>
		<field name="CompositeMeshPartIndex">-1</field>
		<field name="StartStop">true</field>
		<field name="Pause">false</field>
		<field ref="fx/weapons/muzzleflashes/specific/emitter_ru_shg_3p/em_muzz_ru_shg_fire_3p_01/aabbec8b-cc09-4b02-bf3e-cd90ff9668af" name="Emitter" />
		<field name="SpawnProbability">1.0</field>
	</instance>
	<instance guid="69DDBBFA-10A8-48AE-8728-35658364F406" type="Emitter.EmitterEntityData">
		<array name="Components" />
		<field name="Enumeration">0</field>
		<field name="Name" />
		<complex name="Transform">1.0/0/0/*nonzero*/0/1.0/0/*nonzero*/0/0/1.0/*nonzero*/0/0/0/*nonzero*</complex>
		<field name="MaxInstanceCount">30</field>
		<field name="CullDistance">0</field>
		<field name="ResetInstanceWhenStarted">true</field>
		<field name="TriggerPostEffect">false</field>
		<field name="PostEffectContrastOffset">0</field>
		<complex name="PostEffectBrightnessOffset">0/0/0/*nonzero*</complex>
		<field name="PostEffectFadeInTime">0</field>
		<field name="PostEffectFadeOutTime">0</field>
		<field name="PostEffectSizeScale">1.0</field>
		<field name="PostEffectDistanceFallof">0.00999999977648</field>
		<field name="MoveEmitterInSpiral">false</field>
		<field name="ShootEmitterFromCamera">false</field>
		<field name="SpawnCompositeMeshPart">false</field>
		<field name="CompositeMeshPartIndex">-1</field>
		<field name="StartStop">true</field>
		<field name="Pause">false</field>
		<field ref="fx/weapons/muzzleflashes/specific/emitter_ru_shg_3p/em_muzz_ru_shg_glow_3p_01/59d3b2dd-eef5-444a-938a-091ca0648b26" name="Emitter" />
		<field name="SpawnProbability">1.0</field>
	</instance>
	<instance guid="298DB31E-58C6-434C-8336-68A5F2431106" type="Emitter.EmitterEntityData">
		<array name="Components" />
		<field name="Enumeration">0</field>
		<field name="Name" />
		<complex name="Transform">1.0/0/0/*nonzero*/0/1.0/0/*nonzero*/0/0/1.0/*nonzero*/0/0/0/*nonzero*</complex>
		<field name="MaxInstanceCount">30</field>
		<field name="CullDistance">0</field>
		<field name="ResetInstanceWhenStarted">true</field>
		<field name="TriggerPostEffect">false</field>
		<field name="PostEffectContrastOffset">0</field>
		<complex name="PostEffectBrightnessOffset">0/0/0/*nonzero*</complex>
		<field name="PostEffectFadeInTime">0</field>
		<field name="PostEffectFadeOutTime">0</field>
		<field name="PostEffectSizeScale">1.0</field>
		<field name="PostEffectDistanceFallof">0.00999999977648</field>
		<field name="MoveEmitterInSpiral">false</field>
		<field name="ShootEmitterFromCamera">false</field>
		<field name="SpawnCompositeMeshPart">false</field>
		<field name="CompositeMeshPartIndex">-1</field>
		<field name="StartStop">true</field>
		<field name="Pause">false</field>
		<field ref="fx/weapons/muzzleflashes/specific/emitter_ru_shg_3p/em_muzz_ru_shg_smokeburst_3p_01/897e36aa-4949-48b9-99b0-84fb82f87eb7" name="Emitter" />
		<field name="SpawnProbability">1.0</field>
	</instance>
	<instance guid="7A6C8F71-07E0-4CA0-87BD-43AF4828771F" type="Emitter.EmitterEntityData">
		<array name="Components" />
		<field name="Enumeration">0</field>
		<field name="Name" />
		<complex name="Transform">0.941333413124/0.336738139391/-0.0223051439971/*nonzero*/-0.336643606424/0.941597640514/0.00797788333148/*nonzero*/0.0236889533699/-9.63452976066e-07/0.999719142914/*nonzero*/0/0/0/*nonzero*</complex>
		<field name="MaxInstanceCount">30</field>
		<field name="CullDistance">0</field>
		<field name="ResetInstanceWhenStarted">true</field>
		<field name="TriggerPostEffect">false</field>
		<field name="PostEffectContrastOffset">0</field>
		<complex name="PostEffectBrightnessOffset">0/0/0/*nonzero*</complex>
		<field name="PostEffectFadeInTime">0</field>
		<field name="PostEffectFadeOutTime">0</field>
		<field name="PostEffectSizeScale">1.0</field>
		<field name="PostEffectDistanceFallof">0.00999999977648</field>
		<field name="MoveEmitterInSpiral">false</field>
		<field name="ShootEmitterFromCamera">false</field>
		<field name="SpawnCompositeMeshPart">false</field>
		<field name="CompositeMeshPartIndex">-1</field>
		<field name="StartStop">true</field>
		<field name="Pause">false</field>
		<field ref="fx/weapons/muzzleflashes/specific/emitter_ru_shg_3p/em_muzz_ru_shg_firearm_3p_02/a6cca7cd-38be-4656-8063-f371b10a307b" name="Emitter" />
		<field name="SpawnProbability">1.0</field>
	</instance>
	<instance guid="B7552680-D36B-4BE9-9632-DF124B5C1268" type="Emitter.EmitterEntityData">
		<array name="Components" />
		<field name="Enumeration">0</field>
		<field name="Name" />
		<complex name="Transform">0.550452470779/-3.69954790358e-07/0.834866046906/*nonzero*/0.22171613574/0.964090824127/-0.146183729172/*nonzero*/-0.804886937141/0.265570580959/0.530686438084/*nonzero*/0/0/0/*nonzero*</complex>
		<field name="MaxInstanceCount">30</field>
		<field name="CullDistance">0</field>
		<field name="ResetInstanceWhenStarted">true</field>
		<field name="TriggerPostEffect">false</field>
		<field name="PostEffectContrastOffset">0</field>
		<complex name="PostEffectBrightnessOffset">0/0/0/*nonzero*</complex>
		<field name="PostEffectFadeInTime">0</field>
		<field name="PostEffectFadeOutTime">0</field>
		<field name="PostEffectSizeScale">1.0</field>
		<field name="PostEffectDistanceFallof">0.00999999977648</field>
		<field name="MoveEmitterInSpiral">false</field>
		<field name="ShootEmitterFromCamera">false</field>
		<field name="SpawnCompositeMeshPart">false</field>
		<field name="CompositeMeshPartIndex">-1</field>
		<field name="StartStop">true</field>
		<field name="Pause">false</field>
		<field ref="fx/weapons/muzzleflashes/specific/emitter_ru_shg_3p/em_muzz_ru_shg_firearm_3p_02/a6cca7cd-38be-4656-8063-f371b10a307b" name="Emitter" />
		<field name="SpawnProbability">1.0</field>
	</instance>
	<instance guid="FBD4291A-D1C6-411B-BEEE-2BF5BB008708" type="Emitter.EmitterEntityData">
		<array name="Components" />
		<field name="Enumeration">0</field>
		<field name="Name" />
		<complex name="Transform">-0.0236885882914/5.73378201807e-07/-0.999717712402/*nonzero*/-0.336644977331/0.94159668684/0.00797744747251/*nonzero*/0.941332280636/0.336739420891/-0.0223049335182/*nonzero*/0/0/0/*nonzero*</complex>
		<field name="MaxInstanceCount">30</field>
		<field name="CullDistance">0</field>
		<field name="ResetInstanceWhenStarted">true</field>
		<field name="TriggerPostEffect">false</field>
		<field name="PostEffectContrastOffset">0</field>
		<complex name="PostEffectBrightnessOffset">0/0/0/*nonzero*</complex>
		<field name="PostEffectFadeInTime">0</field>
		<field name="PostEffectFadeOutTime">0</field>
		<field name="PostEffectSizeScale">1.0</field>
		<field name="PostEffectDistanceFallof">0.00999999977648</field>
		<field name="MoveEmitterInSpiral">false</field>
		<field name="ShootEmitterFromCamera">false</field>
		<field name="SpawnCompositeMeshPart">false</field>
		<field name="CompositeMeshPartIndex">-1</field>
		<field name="StartStop">true</field>
		<field name="Pause">false</field>
		<field ref="fx/weapons/muzzleflashes/specific/emitter_ru_shg_3p/em_muzz_ru_shg_firearm_3p_02/a6cca7cd-38be-4656-8063-f371b10a307b" name="Emitter" />
		<field name="SpawnProbability">1.0</field>
	</instance>
	<instance guid="95E12746-31DB-4E2B-89FD-A6C43EA52A57" type="Emitter.EmitterEntityData">
		<array name="Components" />
		<field name="Enumeration">0</field>
		<field name="Name" />
		<complex name="Transform">-0.804885864258/0.265571445227/0.530685067177/*nonzero*/0.221717059612/0.96408957243/-0.146184042096/*nonzero*/-0.550450563431/4.61934689611e-07/-0.834864258766/*nonzero*/0/0/0/*nonzero*</complex>
		<field name="MaxInstanceCount">30</field>
		<field name="CullDistance">0</field>
		<field name="ResetInstanceWhenStarted">true</field>
		<field name="TriggerPostEffect">false</field>
		<field name="PostEffectContrastOffset">0</field>
		<complex name="PostEffectBrightnessOffset">0/0/0/*nonzero*</complex>
		<field name="PostEffectFadeInTime">0</field>
		<field name="PostEffectFadeOutTime">0</field>
		<field name="PostEffectSizeScale">1.0</field>
		<field name="PostEffectDistanceFallof">0.00999999977648</field>
		<field name="MoveEmitterInSpiral">false</field>
		<field name="ShootEmitterFromCamera">false</field>
		<field name="SpawnCompositeMeshPart">false</field>
		<field name="CompositeMeshPartIndex">-1</field>
		<field name="StartStop">true</field>
		<field name="Pause">false</field>
		<field ref="fx/weapons/muzzleflashes/specific/emitter_ru_shg_3p/em_muzz_ru_shg_firearm_3p_02/a6cca7cd-38be-4656-8063-f371b10a307b" name="Emitter" />
		<field name="SpawnProbability">1.0</field>
	</instance>
	<instance guid="EE166EE8-6EB4-4E9A-BC17-87687CEADA53" type="Emitter.EmitterEntityData">
		<array name="Components" />
		<field name="Enumeration">0</field>
		<field name="Name" />
		<complex name="Transform">0.717154920101/-5.28153272228e-08/-0.696913480759/*nonzero*/0.22003236413/0.948850393295/0.226422980428/*nonzero*/0.661266744137/-0.315723955631/0.680472910404/*nonzero*/0/0/0/*nonzero*</complex>
		<field name="MaxInstanceCount">30</field>
		<field name="CullDistance">0</field>
		<field name="ResetInstanceWhenStarted">true</field>
		<field name="TriggerPostEffect">false</field>
		<field name="PostEffectContrastOffset">0</field>
		<complex name="PostEffectBrightnessOffset">0/0/0/*nonzero*</complex>
		<field name="PostEffectFadeInTime">0</field>
		<field name="PostEffectFadeOutTime">0</field>
		<field name="PostEffectSizeScale">1.0</field>
		<field name="PostEffectDistanceFallof">0.00999999977648</field>
		<field name="MoveEmitterInSpiral">false</field>
		<field name="ShootEmitterFromCamera">false</field>
		<field name="SpawnCompositeMeshPart">false</field>
		<field name="CompositeMeshPartIndex">-1</field>
		<field name="StartStop">true</field>
		<field name="Pause">false</field>
		<field ref="fx/weapons/muzzleflashes/specific/emitter_ru_shg_3p/em_muzz_ru_shg_firearm_3p_02/a6cca7cd-38be-4656-8063-f371b10a307b" name="Emitter" />
		<field name="SpawnProbability">1.0</field>
	</instance>
	<instance guid="4D985AEE-29EC-430B-8A21-07B7CF0B9F88" type="Emitter.EmitterEntityData">
		<array name="Components" />
		<field name="Enumeration">0</field>
		<field name="Name" />
		<complex name="Transform">-0.661267220974/0.315724998713/-0.680471897125/*nonzero*/0.220033407211/0.948850095272/0.226423442364/*nonzero*/0.717153310776/-1.49011427197e-07/-0.696913480759/*nonzero*/0/0/0/*nonzero*</complex>
		<field name="MaxInstanceCount">30</field>
		<field name="CullDistance">0</field>
		<field name="ResetInstanceWhenStarted">true</field>
		<field name="TriggerPostEffect">false</field>
		<field name="PostEffectContrastOffset">0</field>
		<complex name="PostEffectBrightnessOffset">0/0/0/*nonzero*</complex>
		<field name="PostEffectFadeInTime">0</field>
		<field name="PostEffectFadeOutTime">0</field>
		<field name="PostEffectSizeScale">1.0</field>
		<field name="PostEffectDistanceFallof">0.00999999977648</field>
		<field name="MoveEmitterInSpiral">false</field>
		<field name="ShootEmitterFromCamera">false</field>
		<field name="SpawnCompositeMeshPart">false</field>
		<field name="CompositeMeshPartIndex">-1</field>
		<field name="StartStop">true</field>
		<field name="Pause">false</field>
		<field ref="fx/weapons/muzzleflashes/specific/emitter_ru_shg_3p/em_muzz_ru_shg_firearm_3p_02/a6cca7cd-38be-4656-8063-f371b10a307b" name="Emitter" />
		<field name="SpawnProbability">1.0</field>
	</instance>
	<instance guid="C4D5F0AA-3FD8-46F1-963F-90476F165D4B" type="Emitter.EmitterEntityData">
		<array name="Components" />
		<field name="Enumeration">0</field>
		<field name="Name" />
		<complex name="Transform">0.945942223072/-2.55993336395e-06/-0.324334532022/*nonzero*/-0.099939763546/0.951338469982/-0.291488200426/*nonzero*/0.308552742004/0.308144956827/0.899911165237/*nonzero*/0/0/0/*nonzero*</complex>
		<field name="MaxInstanceCount">30</field>
		<field name="CullDistance">0</field>
		<field name="ResetInstanceWhenStarted">true</field>
		<field name="TriggerPostEffect">false</field>
		<field name="PostEffectContrastOffset">0</field>
		<complex name="PostEffectBrightnessOffset">0/0/0/*nonzero*</complex>
		<field name="PostEffectFadeInTime">0</field>
		<field name="PostEffectFadeOutTime">0</field>
		<field name="PostEffectSizeScale">1.0</field>
		<field name="PostEffectDistanceFallof">0.00999999977648</field>
		<field name="MoveEmitterInSpiral">false</field>
		<field name="ShootEmitterFromCamera">false</field>
		<field name="SpawnCompositeMeshPart">false</field>
		<field name="CompositeMeshPartIndex">-1</field>
		<field name="StartStop">true</field>
		<field name="Pause">false</field>
		<field ref="fx/weapons/muzzleflashes/specific/emitter_ru_shg_3p/em_muzz_ru_shg_firearm_3p_02/a6cca7cd-38be-4656-8063-f371b10a307b" name="Emitter" />
		<field name="SpawnProbability">1.0</field>
	</instance>
	<instance guid="8963AB5B-1F71-4535-823A-604EDD9864A8" type="Emitter.EmitterEntityData">
		<array name="Components" />
		<field name="Enumeration">0</field>
		<field name="Name" />
		<complex name="Transform">0.308555155993/0.308145165443/0.899910151958/*nonzero*/-0.0999418124557/0.951338648796/-0.291487783194/*nonzero*/-0.945940732956/1.35600487283e-06/0.324337363243/*nonzero*/0/0/0/*nonzero*</complex>
		<field name="MaxInstanceCount">30</field>
		<field name="CullDistance">0</field>
		<field name="ResetInstanceWhenStarted">true</field>
		<field name="TriggerPostEffect">false</field>
		<field name="PostEffectContrastOffset">0</field>
		<complex name="PostEffectBrightnessOffset">0/0/0/*nonzero*</complex>
		<field name="PostEffectFadeInTime">0</field>
		<field name="PostEffectFadeOutTime">0</field>
		<field name="PostEffectSizeScale">1.0</field>
		<field name="PostEffectDistanceFallof">0.00999999977648</field>
		<field name="MoveEmitterInSpiral">false</field>
		<field name="ShootEmitterFromCamera">false</field>
		<field name="SpawnCompositeMeshPart">false</field>
		<field name="CompositeMeshPartIndex">-1</field>
		<field name="StartStop">true</field>
		<field name="Pause">false</field>
		<field ref="fx/weapons/muzzleflashes/specific/emitter_ru_shg_3p/em_muzz_ru_shg_firearm_3p_02/a6cca7cd-38be-4656-8063-f371b10a307b" name="Emitter" />
		<field name="SpawnProbability">1.0</field>
	</instance>
	<instance guid="9167D5F9-56D2-4534-AA0B-B89D7095008A" type="Emitter.EmitterEntityData">
		<array name="Components" />
		<field name="Enumeration">0</field>
		<field name="Name" />
		<complex name="Transform">1.0/0/0/*nonzero*/0/1.0/0/*nonzero*/0/0/1.0/*nonzero*/0/0/0/*nonzero*</complex>
		<field name="MaxInstanceCount">30</field>
		<field name="CullDistance">0</field>
		<field name="ResetInstanceWhenStarted">true</field>
		<field name="TriggerPostEffect">false</field>
		<field name="PostEffectContrastOffset">0</field>
		<complex name="PostEffectBrightnessOffset">0/0/0/*nonzero*</complex>
		<field name="PostEffectFadeInTime">0</field>
		<field name="PostEffectFadeOutTime">0</field>
		<field name="PostEffectSizeScale">1.0</field>
		<field name="PostEffectDistanceFallof">0.00999999977648</field>
		<field name="MoveEmitterInSpiral">false</field>
		<field name="ShootEmitterFromCamera">false</field>
		<field name="SpawnCompositeMeshPart">false</field>
		<field name="CompositeMeshPartIndex">-1</field>
		<field name="StartStop">true</field>
		<field name="Pause">false</field>
		<field ref="fx/weapons/muzzleflashes/specific/emitter_ru_shg_3p/em_muzz_ru_shg_firearm_3p_01/a56f6ca0-75fb-4fdf-9d8c-079f052650ef" name="Emitter" />
		<field name="SpawnProbability">1.0</field>
	</instance>
	<instance guid="85ED621B-546C-4BA2-9770-4EEBFA27DF89" type="Emitter.EmitterEntityData">
		<array name="Components" />
		<field name="Enumeration">0</field>
		<field name="Name" />
		<complex name="Transform">3.42285417787e-08/0/-0.999999940395/*nonzero*/0/1.0/0/*nonzero*/0.999999940395/0/3.42285417787e-08/*nonzero*/0/0/0/*nonzero*</complex>
		<field name="MaxInstanceCount">30</field>
		<field name="CullDistance">0</field>
		<field name="ResetInstanceWhenStarted">true</field>
		<field name="TriggerPostEffect">false</field>
		<field name="PostEffectContrastOffset">0</field>
		<complex name="PostEffectBrightnessOffset">0/0/0/*nonzero*</complex>
		<field name="PostEffectFadeInTime">0</field>
		<field name="PostEffectFadeOutTime">0</field>
		<field name="PostEffectSizeScale">1.0</field>
		<field name="PostEffectDistanceFallof">0.00999999977648</field>
		<field name="MoveEmitterInSpiral">false</field>
		<field name="ShootEmitterFromCamera">false</field>
		<field name="SpawnCompositeMeshPart">false</field>
		<field name="CompositeMeshPartIndex">-1</field>
		<field name="StartStop">true</field>
		<field name="Pause">false</field>
		<field ref="fx/weapons/muzzleflashes/specific/emitter_ru_shg_3p/em_muzz_ru_shg_firearm_3p_01/a56f6ca0-75fb-4fdf-9d8c-079f052650ef" name="Emitter" />
		<field name="SpawnProbability">1.0</field>
	</instance>
	<instance guid="F246E0FE-369D-4174-9578-E02C09577CDB" type="Emitter.EmitterEntityData">
		<array name="Components" />
		<field name="Enumeration">0</field>
		<field name="Name" />
		<complex name="Transform">0.9487657547/0.0168802496046/0.315529018641/*nonzero*/-0.133957535028/0.925882816315/0.353264391422/*nonzero*/-0.286179721355/-0.37743267417/0.880707204342/*nonzero*/0/0/0/*nonzero*</complex>
		<field name="MaxInstanceCount">30</field>
		<field name="CullDistance">0</field>
		<field name="ResetInstanceWhenStarted">true</field>
		<field name="TriggerPostEffect">false</field>
		<field name="PostEffectContrastOffset">0</field>
		<complex name="PostEffectBrightnessOffset">0/0/0/*nonzero*</complex>
		<field name="PostEffectFadeInTime">0</field>
		<field name="PostEffectFadeOutTime">0</field>
		<field name="PostEffectSizeScale">1.0</field>
		<field name="PostEffectDistanceFallof">0.00999999977648</field>
		<field name="MoveEmitterInSpiral">false</field>
		<field name="ShootEmitterFromCamera">false</field>
		<field name="SpawnCompositeMeshPart">false</field>
		<field name="CompositeMeshPartIndex">-1</field>
		<field name="StartStop">true</field>
		<field name="Pause">false</field>
		<field ref="fx/weapons/muzzleflashes/specific/emitter_ru_shg_3p/em_muzz_ru_shg_firearm_3p_02/a6cca7cd-38be-4656-8063-f371b10a307b" name="Emitter" />
		<field name="SpawnProbability">1.0</field>
	</instance>
	<instance guid="DC9A617B-8A99-4D6F-8F9F-1EF687D81AD5" type="Emitter.EmitterEntityData">
		<array name="Components" />
		<field name="Enumeration">0</field>
		<field name="Name" />
		<complex name="Transform">0.286181509495/0.377432435751/-0.880706250668/*nonzero*/-0.116640493274/0.926036834717/0.358957290649/*nonzero*/0.951048851013/-8.79168112533e-07/0.309038639069/*nonzero*/0/0/0/*nonzero*</complex>
		<field name="MaxInstanceCount">30</field>
		<field name="CullDistance">0</field>
		<field name="ResetInstanceWhenStarted">true</field>
		<field name="TriggerPostEffect">false</field>
		<field name="PostEffectContrastOffset">0</field>
		<complex name="PostEffectBrightnessOffset">0/0/0/*nonzero*</complex>
		<field name="PostEffectFadeInTime">0</field>
		<field name="PostEffectFadeOutTime">0</field>
		<field name="PostEffectSizeScale">1.0</field>
		<field name="PostEffectDistanceFallof">0.00999999977648</field>
		<field name="MoveEmitterInSpiral">false</field>
		<field name="ShootEmitterFromCamera">false</field>
		<field name="SpawnCompositeMeshPart">false</field>
		<field name="CompositeMeshPartIndex">-1</field>
		<field name="StartStop">true</field>
		<field name="Pause">false</field>
		<field ref="fx/weapons/muzzleflashes/specific/emitter_ru_shg_3p/em_muzz_ru_shg_firearm_3p_02/a6cca7cd-38be-4656-8063-f371b10a307b" name="Emitter" />
		<field name="SpawnProbability">1.0</field>
	</instance>
</partition>
