<?xml version="1.0"?>
<partition guid="BE91E80A-1638-42F4-9372-AFC78C4915E0" primaryInstance="7BEE94F6-CD97-4447-BAA4-7D12142C61A8" exportMode="All">
	<instance guid="48C58447-084B-48B0-BE85-F26D06B623CB" type="Entity.EffectAsset">
		<field name="Name">FX/Weapons/MuzzleFlashes/Specific/FX_Muzz_MEC_Rif_3P</field>
		<field name="MemoryReportGroup">MemoryReportGroup_default</field>
		<array name="Objects" />
		<array name="EventConnections" />
		<array name="DataConnections" />
		<field ref="null" name="Descriptor" />
		<field ref="7bee94f6-cd97-4447-baa4-7d12142c61a8" name="Object" />
	</instance>
	<instance guid="7BEE94F6-CD97-4447-BAA4-7D12142C61A8" type="Entity.EffectEntityData" id="FX_Muzz_MEC_Rif_3P">
		<array name="Components">
			<item ref="9b55e36e-36e2-4166-b64d-f2aeaca5399a" />
			<item ref="8d2f64b5-7998-40a8-8949-79d62c45feaf" />
			<item ref="1a046a6a-0b51-406b-9fac-8f3d27b05d0d" />
			<item ref="01e238fa-28ce-44a9-b14b-c75b34512ab2" />
			<item ref="ff71f3b2-6b39-4b12-8c1c-3a04459a593b" />
			<item ref="af1e79b3-d441-4a53-8004-bd11c4c1b5a7" />
			<item ref="6cae3af1-2e2e-42b5-99a8-90aacf83856a" />
			<item ref="05af9839-7abb-4191-b37e-a8e2a4620d78" />
			<item ref="e9e60662-80ba-4954-b298-0feff6da657d" />
			<item ref="cd217c75-7ba9-4a76-a5ce-d20fa8f3dda1" />
			<item ref="dbab9d2e-c2f8-4440-bba7-11d87c7b4686" />
			<item ref="204e936d-ae44-4285-8c23-680da64f3d88" />
			<item ref="8aa84613-e486-4c00-b88f-d275160f57e8" />
			<item ref="ad596cf8-7b4c-4f86-a2b7-437cc92b306c" />
			<item ref="b1effc5b-0fc3-4a3f-bae2-ebeade17c688" />
		</array>
		<field name="Enumeration">0</field>
		<field name="Name" />
		<complex name="Transform">1.0/0/0/*nonzero*/0/1.0/0/*nonzero*/0/0/1.0/*nonzero*/0/0/0/*nonzero*</complex>
		<field name="MaxInstanceCount">30</field>
		<field name="CullDistance">0</field>
		<field name="ResetInstanceWhenStarted">true</field>
		<field name="TriggerPostEffect">false</field>
		<field name="PostEffectContrastOffset">0</field>
		<complex name="PostEffectBrightnessOffset">0/0/0/*nonzero*</complex>
		<field name="PostEffectFadeInTime">0</field>
		<field name="PostEffectFadeOutTime">0</field>
		<field name="PostEffectSizeScale">1.0</field>
		<field name="PostEffectDistanceFallof">0.00999999977648</field>
	</instance>
	<instance guid="9B55E36E-36E2-4166-B64D-F2AEACA5399A" type="Emitter.EmitterEntityData">
		<array name="Components" />
		<field name="Enumeration">0</field>
		<field name="Name" />
		<complex name="Transform">1.0/0/0/*nonzero*/0/1.0/0/*nonzero*/0/0/1.0/*nonzero*/0/0.142704963684/0/*nonzero*</complex>
		<field name="MaxInstanceCount">30</field>
		<field name="CullDistance">0</field>
		<field name="ResetInstanceWhenStarted">true</field>
		<field name="TriggerPostEffect">false</field>
		<field name="PostEffectContrastOffset">0</field>
		<complex name="PostEffectBrightnessOffset">0/0/0/*nonzero*</complex>
		<field name="PostEffectFadeInTime">0</field>
		<field name="PostEffectFadeOutTime">0</field>
		<field name="PostEffectSizeScale">1.0</field>
		<field name="PostEffectDistanceFallof">0.00999999977648</field>
		<field name="MoveEmitterInSpiral">false</field>
		<field name="ShootEmitterFromCamera">false</field>
		<field name="SpawnCompositeMeshPart">false</field>
		<field name="CompositeMeshPartIndex">-1</field>
		<field name="StartStop">true</field>
		<field name="Pause">false</field>
		<field ref="fx/weapons/muzzleflashes/specific/emitter_mec_rif_3p/em_muzz_mec_rif_fire_3p_01/2fd113a1-ea81-41db-bf0c-b066e064cf2f" name="Emitter" />
		<field name="SpawnProbability">1.0</field>
	</instance>
	<instance guid="8D2F64B5-7998-40A8-8949-79D62C45FEAF" type="Emitter.EmitterEntityData">
		<array name="Components" />
		<field name="Enumeration">0</field>
		<field name="Name" />
		<complex name="Transform">1.0/0/0/*nonzero*/0/1.0/0/*nonzero*/0/0/1.0/*nonzero*/0/0/0/*nonzero*</complex>
		<field name="MaxInstanceCount">30</field>
		<field name="CullDistance">0</field>
		<field name="ResetInstanceWhenStarted">true</field>
		<field name="TriggerPostEffect">false</field>
		<field name="PostEffectContrastOffset">0</field>
		<complex name="PostEffectBrightnessOffset">0/0/0/*nonzero*</complex>
		<field name="PostEffectFadeInTime">0</field>
		<field name="PostEffectFadeOutTime">0</field>
		<field name="PostEffectSizeScale">1.0</field>
		<field name="PostEffectDistanceFallof">0.00999999977648</field>
		<field name="MoveEmitterInSpiral">false</field>
		<field name="ShootEmitterFromCamera">false</field>
		<field name="SpawnCompositeMeshPart">false</field>
		<field name="CompositeMeshPartIndex">-1</field>
		<field name="StartStop">true</field>
		<field name="Pause">false</field>
		<field ref="fx/weapons/muzzleflashes/specific/emitter_mec_rif_3p/em_muzz_mec_rif_glow_3p_01/796a666a-3b74-4b17-9651-40fd1843362d" name="Emitter" />
		<field name="SpawnProbability">1.0</field>
	</instance>
	<instance guid="1A046A6A-0B51-406B-9FAC-8F3D27B05D0D" type="Emitter.EmitterEntityData">
		<array name="Components" />
		<field name="Enumeration">0</field>
		<field name="Name" />
		<complex name="Transform">1.0/0/0/*nonzero*/0/1.0/0/*nonzero*/0/0/1.0/*nonzero*/0/0/0/*nonzero*</complex>
		<field name="MaxInstanceCount">30</field>
		<field name="CullDistance">0</field>
		<field name="ResetInstanceWhenStarted">true</field>
		<field name="TriggerPostEffect">false</field>
		<field name="PostEffectContrastOffset">0</field>
		<complex name="PostEffectBrightnessOffset">0/0/0/*nonzero*</complex>
		<field name="PostEffectFadeInTime">0</field>
		<field name="PostEffectFadeOutTime">0</field>
		<field name="PostEffectSizeScale">1.0</field>
		<field name="PostEffectDistanceFallof">0.00999999977648</field>
		<field name="MoveEmitterInSpiral">false</field>
		<field name="ShootEmitterFromCamera">false</field>
		<field name="SpawnCompositeMeshPart">false</field>
		<field name="CompositeMeshPartIndex">-1</field>
		<field name="StartStop">true</field>
		<field name="Pause">false</field>
		<field ref="fx/weapons/muzzleflashes/specific/emitter_mec_rif_3p/em_muzz_mec_rif_smokeburst_3p_01/449a7b99-57bd-4193-8bb6-aba12855b0c1" name="Emitter" />
		<field name="SpawnProbability">1.0</field>
	</instance>
	<instance guid="01E238FA-28CE-44A9-B14B-C75B34512AB2" type="Emitter.EmitterEntityData">
		<array name="Components" />
		<field name="Enumeration">0</field>
		<field name="Name" />
		<complex name="Transform">0.0122255040333/0.856593966484/0.515844583511/*nonzero*/-0.999718487263/2.27189775615e-06/0.0236895047128/*nonzero*/0.0202911961824/-0.515989720821/0.856354117393/*nonzero*/-0.145819664001/0.023855984211/0.00993601232767/*nonzero*</complex>
		<field name="MaxInstanceCount">30</field>
		<field name="CullDistance">0</field>
		<field name="ResetInstanceWhenStarted">true</field>
		<field name="TriggerPostEffect">false</field>
		<field name="PostEffectContrastOffset">0</field>
		<complex name="PostEffectBrightnessOffset">0/0/0/*nonzero*</complex>
		<field name="PostEffectFadeInTime">0</field>
		<field name="PostEffectFadeOutTime">0</field>
		<field name="PostEffectSizeScale">1.0</field>
		<field name="PostEffectDistanceFallof">0.00999999977648</field>
		<field name="MoveEmitterInSpiral">false</field>
		<field name="ShootEmitterFromCamera">false</field>
		<field name="SpawnCompositeMeshPart">false</field>
		<field name="CompositeMeshPartIndex">-1</field>
		<field name="StartStop">true</field>
		<field name="Pause">false</field>
		<field ref="fx/weapons/muzzleflashes/specific/emitter_mec_rif_3p/em_muzz_mec_rif_firearm_3p_02/d84ecfe0-7c00-4751-b052-19fb505c16a4" name="Emitter" />
		<field name="SpawnProbability">1.0</field>
	</instance>
	<instance guid="FF71F3B2-6B39-4B12-8C1C-3A04459A593B" type="Emitter.EmitterEntityData">
		<array name="Components" />
		<field name="Enumeration">0</field>
		<field name="Name" />
		<complex name="Transform">0.477077782154/-0.498828649521/0.723578810692/*nonzero*/0.834866166115/1.5654749177e-06/-0.550451815128/*nonzero*/0.274580180645/0.86669999361/0.416456103325/*nonzero*/0.123022444546/3.72529029846e-09/-0.100703828037/*nonzero*</complex>
		<field name="MaxInstanceCount">30</field>
		<field name="CullDistance">0</field>
		<field name="ResetInstanceWhenStarted">true</field>
		<field name="TriggerPostEffect">false</field>
		<field name="PostEffectContrastOffset">0</field>
		<complex name="PostEffectBrightnessOffset">0/0/0/*nonzero*</complex>
		<field name="PostEffectFadeInTime">0</field>
		<field name="PostEffectFadeOutTime">0</field>
		<field name="PostEffectSizeScale">1.0</field>
		<field name="PostEffectDistanceFallof">0.00999999977648</field>
		<field name="MoveEmitterInSpiral">false</field>
		<field name="ShootEmitterFromCamera">false</field>
		<field name="SpawnCompositeMeshPart">false</field>
		<field name="CompositeMeshPartIndex">-1</field>
		<field name="StartStop">true</field>
		<field name="Pause">false</field>
		<field ref="fx/weapons/muzzleflashes/specific/emitter_mec_rif_3p/em_muzz_mec_rif_firearm_3p_02/d84ecfe0-7c00-4751-b052-19fb505c16a4" name="Emitter" />
		<field name="SpawnProbability">1.0</field>
	</instance>
	<instance guid="AF1E79B3-D441-4A53-8004-BD11C4C1B5A7" type="Emitter.EmitterEntityData">
		<array name="Components" />
		<field name="Enumeration">0</field>
		<field name="Name" />
		<complex name="Transform">-0.0202205497772/0.520912826061/-0.853368341923/*nonzero*/-0.99971807003/9.41896530549e-07/0.0236890055239/*nonzero*/0.0123405512422/0.853608191013/0.5207670331/*nonzero*/-0.145819664001/0.0238559916615/0.00993601232767/*nonzero*</complex>
		<field name="MaxInstanceCount">30</field>
		<field name="CullDistance">0</field>
		<field name="ResetInstanceWhenStarted">true</field>
		<field name="TriggerPostEffect">false</field>
		<field name="PostEffectContrastOffset">0</field>
		<complex name="PostEffectBrightnessOffset">0/0/0/*nonzero*</complex>
		<field name="PostEffectFadeInTime">0</field>
		<field name="PostEffectFadeOutTime">0</field>
		<field name="PostEffectSizeScale">1.0</field>
		<field name="PostEffectDistanceFallof">0.00999999977648</field>
		<field name="MoveEmitterInSpiral">false</field>
		<field name="ShootEmitterFromCamera">false</field>
		<field name="SpawnCompositeMeshPart">false</field>
		<field name="CompositeMeshPartIndex">-1</field>
		<field name="StartStop">true</field>
		<field name="Pause">false</field>
		<field ref="fx/weapons/muzzleflashes/specific/emitter_mec_rif_3p/em_muzz_mec_rif_firearm_3p_02/d84ecfe0-7c00-4751-b052-19fb505c16a4" name="Emitter" />
		<field name="SpawnProbability">1.0</field>
	</instance>
	<instance guid="6CAE3AF1-2E2E-42B5-99A8-90AACF83856A" type="Emitter.EmitterEntityData">
		<array name="Components" />
		<field name="Enumeration">0</field>
		<field name="Name" />
		<complex name="Transform">0.389515608549/0.706582307816/0.590775609016/*nonzero*/0.834865391254/2.92479654718e-07/-0.550451278687/*nonzero*/-0.388939499855/0.70762783289/-0.589901328087/*nonzero*/0.123022437096/0/-0.100703835487/*nonzero*</complex>
		<field name="MaxInstanceCount">30</field>
		<field name="CullDistance">0</field>
		<field name="ResetInstanceWhenStarted">true</field>
		<field name="TriggerPostEffect">false</field>
		<field name="PostEffectContrastOffset">0</field>
		<complex name="PostEffectBrightnessOffset">0/0/0/*nonzero*</complex>
		<field name="PostEffectFadeInTime">0</field>
		<field name="PostEffectFadeOutTime">0</field>
		<field name="PostEffectSizeScale">1.0</field>
		<field name="PostEffectDistanceFallof">0.00999999977648</field>
		<field name="MoveEmitterInSpiral">false</field>
		<field name="ShootEmitterFromCamera">false</field>
		<field name="SpawnCompositeMeshPart">false</field>
		<field name="CompositeMeshPartIndex">-1</field>
		<field name="StartStop">true</field>
		<field name="Pause">false</field>
		<field ref="fx/weapons/muzzleflashes/specific/emitter_mec_rif_3p/em_muzz_mec_rif_firearm_3p_02/d84ecfe0-7c00-4751-b052-19fb505c16a4" name="Emitter" />
		<field name="SpawnProbability">1.0</field>
	</instance>
	<instance guid="05AF9839-7ABB-4191-B37E-A8E2A4620D78" type="Emitter.EmitterEntityData">
		<array name="Components" />
		<field name="Enumeration">0</field>
		<field name="Name" />
		<complex name="Transform">0.530839264393/-0.67238509655/-0.515856325626/*nonzero*/0.696913897991/1.20813922422e-06/0.717154026031/*nonzero*/-0.482203096151/-0.740201115608/0.468595206738/*nonzero*/0.133490890265/-4.65661287308e-09/0.118355490267/*nonzero*</complex>
		<field name="MaxInstanceCount">30</field>
		<field name="CullDistance">0</field>
		<field name="ResetInstanceWhenStarted">true</field>
		<field name="TriggerPostEffect">false</field>
		<field name="PostEffectContrastOffset">0</field>
		<complex name="PostEffectBrightnessOffset">0/0/0/*nonzero*</complex>
		<field name="PostEffectFadeInTime">0</field>
		<field name="PostEffectFadeOutTime">0</field>
		<field name="PostEffectSizeScale">1.0</field>
		<field name="PostEffectDistanceFallof">0.00999999977648</field>
		<field name="MoveEmitterInSpiral">false</field>
		<field name="ShootEmitterFromCamera">false</field>
		<field name="SpawnCompositeMeshPart">false</field>
		<field name="CompositeMeshPartIndex">-1</field>
		<field name="StartStop">true</field>
		<field name="Pause">false</field>
		<field ref="fx/weapons/muzzleflashes/specific/emitter_mec_rif_3p/em_muzz_mec_rif_firearm_3p_02/d84ecfe0-7c00-4751-b052-19fb505c16a4" name="Emitter" />
		<field name="SpawnProbability">1.0</field>
	</instance>
	<instance guid="E9E60662-80BA-4954-B298-0FEFF6DA657D" type="Emitter.EmitterEntityData">
		<array name="Components" />
		<field name="Enumeration">0</field>
		<field name="Name" />
		<complex name="Transform">0.460011541843/0.767172276974/-0.447028636932/*nonzero*/0.696913838387/1.13634200716e-07/0.717153787613/*nonzero*/0.55018055439/-0.641439497471/-0.53465294838/*nonzero*/0.133490890265/-8.38190317154e-09/0.118355490267/*nonzero*</complex>
		<field name="MaxInstanceCount">30</field>
		<field name="CullDistance">0</field>
		<field name="ResetInstanceWhenStarted">true</field>
		<field name="TriggerPostEffect">false</field>
		<field name="PostEffectContrastOffset">0</field>
		<complex name="PostEffectBrightnessOffset">0/0/0/*nonzero*</complex>
		<field name="PostEffectFadeInTime">0</field>
		<field name="PostEffectFadeOutTime">0</field>
		<field name="PostEffectSizeScale">1.0</field>
		<field name="PostEffectDistanceFallof">0.00999999977648</field>
		<field name="MoveEmitterInSpiral">false</field>
		<field name="ShootEmitterFromCamera">false</field>
		<field name="SpawnCompositeMeshPart">false</field>
		<field name="CompositeMeshPartIndex">-1</field>
		<field name="StartStop">true</field>
		<field name="Pause">false</field>
		<field ref="fx/weapons/muzzleflashes/specific/emitter_mec_rif_3p/em_muzz_mec_rif_firearm_3p_02/d84ecfe0-7c00-4751-b052-19fb505c16a4" name="Emitter" />
		<field name="SpawnProbability">1.0</field>
	</instance>
	<instance guid="CD217C75-7BA9-4A76-A5CE-D20FA8F3DDA1" type="Emitter.EmitterEntityData">
		<array name="Components" />
		<field name="Enumeration">0</field>
		<field name="Name" />
		<complex name="Transform">0.828859090805/0.481900662184/-0.284189939499/*nonzero*/-0.324334830046/1.9108183551e-06/-0.945941269398/*nonzero*/-0.455849409103/0.876224935055/0.156298846006/*nonzero*/-0.0834318101406/0/-0.111967176199/*nonzero*</complex>
		<field name="MaxInstanceCount">30</field>
		<field name="CullDistance">0</field>
		<field name="ResetInstanceWhenStarted">true</field>
		<field name="TriggerPostEffect">false</field>
		<field name="PostEffectContrastOffset">0</field>
		<complex name="PostEffectBrightnessOffset">0/0/0/*nonzero*</complex>
		<field name="PostEffectFadeInTime">0</field>
		<field name="PostEffectFadeOutTime">0</field>
		<field name="PostEffectSizeScale">1.0</field>
		<field name="PostEffectDistanceFallof">0.00999999977648</field>
		<field name="MoveEmitterInSpiral">false</field>
		<field name="ShootEmitterFromCamera">false</field>
		<field name="SpawnCompositeMeshPart">false</field>
		<field name="CompositeMeshPartIndex">-1</field>
		<field name="StartStop">true</field>
		<field name="Pause">false</field>
		<field ref="fx/weapons/muzzleflashes/specific/emitter_mec_rif_3p/em_muzz_mec_rif_firearm_3p_02/d84ecfe0-7c00-4751-b052-19fb505c16a4" name="Emitter" />
		<field name="SpawnProbability">1.0</field>
	</instance>
	<instance guid="DBAB9D2E-C2F8-4440-BBA7-11D87C7B4686" type="Emitter.EmitterEntityData">
		<array name="Components" />
		<field name="Enumeration">0</field>
		<field name="Name" />
		<complex name="Transform">-0.536526441574/0.823587417603/0.183960840106/*nonzero*/-0.324336439371/1.30733928927e-06/-0.945941030979/*nonzero*/-0.77906614542/-0.567188203335/0.267119079828/*nonzero*/-0.0834318101406/0/-0.111967176199/*nonzero*</complex>
		<field name="MaxInstanceCount">30</field>
		<field name="CullDistance">0</field>
		<field name="ResetInstanceWhenStarted">true</field>
		<field name="TriggerPostEffect">false</field>
		<field name="PostEffectContrastOffset">0</field>
		<complex name="PostEffectBrightnessOffset">0/0/0/*nonzero*</complex>
		<field name="PostEffectFadeInTime">0</field>
		<field name="PostEffectFadeOutTime">0</field>
		<field name="PostEffectSizeScale">1.0</field>
		<field name="PostEffectDistanceFallof">0.00999999977648</field>
		<field name="MoveEmitterInSpiral">false</field>
		<field name="ShootEmitterFromCamera">false</field>
		<field name="SpawnCompositeMeshPart">false</field>
		<field name="CompositeMeshPartIndex">-1</field>
		<field name="StartStop">true</field>
		<field name="Pause">false</field>
		<field ref="fx/weapons/muzzleflashes/specific/emitter_mec_rif_3p/em_muzz_mec_rif_firearm_3p_02/d84ecfe0-7c00-4751-b052-19fb505c16a4" name="Emitter" />
		<field name="SpawnProbability">1.0</field>
	</instance>
	<instance guid="204E936D-AE44-4285-8C23-680DA64F3D88" type="Emitter.EmitterEntityData">
		<array name="Components" />
		<field name="Enumeration">0</field>
		<field name="Name" />
		<complex name="Transform">1.0/0/0/*nonzero*/0/1.0/0/*nonzero*/0/0/1.0/*nonzero*/0/0/0/*nonzero*</complex>
		<field name="MaxInstanceCount">30</field>
		<field name="CullDistance">0</field>
		<field name="ResetInstanceWhenStarted">true</field>
		<field name="TriggerPostEffect">false</field>
		<field name="PostEffectContrastOffset">0</field>
		<complex name="PostEffectBrightnessOffset">0/0/0/*nonzero*</complex>
		<field name="PostEffectFadeInTime">0</field>
		<field name="PostEffectFadeOutTime">0</field>
		<field name="PostEffectSizeScale">1.0</field>
		<field name="PostEffectDistanceFallof">0.00999999977648</field>
		<field name="MoveEmitterInSpiral">false</field>
		<field name="ShootEmitterFromCamera">false</field>
		<field name="SpawnCompositeMeshPart">false</field>
		<field name="CompositeMeshPartIndex">-1</field>
		<field name="StartStop">true</field>
		<field name="Pause">false</field>
		<field ref="fx/weapons/muzzleflashes/specific/emitter_mec_rif_3p/em_muzz_mec_rif_firearm_3p_01/4b5f76df-7771-4d4d-9315-e777f26405ce" name="Emitter" />
		<field name="SpawnProbability">1.0</field>
	</instance>
	<instance guid="8AA84613-E486-4C00-B88F-D275160F57E8" type="Emitter.EmitterEntityData">
		<array name="Components" />
		<field name="Enumeration">0</field>
		<field name="Name" />
		<complex name="Transform">3.42285417787e-08/0/-0.999999940395/*nonzero*/0/1.0/0/*nonzero*/0.999999940395/0/3.42285417787e-08/*nonzero*/0/0/0/*nonzero*</complex>
		<field name="MaxInstanceCount">30</field>
		<field name="CullDistance">0</field>
		<field name="ResetInstanceWhenStarted">true</field>
		<field name="TriggerPostEffect">false</field>
		<field name="PostEffectContrastOffset">0</field>
		<complex name="PostEffectBrightnessOffset">0/0/0/*nonzero*</complex>
		<field name="PostEffectFadeInTime">0</field>
		<field name="PostEffectFadeOutTime">0</field>
		<field name="PostEffectSizeScale">1.0</field>
		<field name="PostEffectDistanceFallof">0.00999999977648</field>
		<field name="MoveEmitterInSpiral">false</field>
		<field name="ShootEmitterFromCamera">false</field>
		<field name="SpawnCompositeMeshPart">false</field>
		<field name="CompositeMeshPartIndex">-1</field>
		<field name="StartStop">true</field>
		<field name="Pause">false</field>
		<field ref="fx/weapons/muzzleflashes/specific/emitter_mec_rif_3p/em_muzz_mec_rif_firearm_3p_01/4b5f76df-7771-4d4d-9315-e777f26405ce" name="Emitter" />
		<field name="SpawnProbability">1.0</field>
	</instance>
	<instance guid="AD596CF8-7B4C-4F86-A2B7-437CC92B306C" type="Emitter.EmitterEntityData">
		<array name="Components" />
		<field name="Enumeration">0</field>
		<field name="Name" />
		<complex name="Transform">0.668398737907/0.707106649876/0.230744794011/*nonzero*/-0.326323390007/1.28089118334e-06/0.945257723331/*nonzero*/0.668397903442/-0.707106530666/0.230746403337/*nonzero*/-0.0270067360252/0/0.106194347143/*nonzero*</complex>
		<field name="MaxInstanceCount">30</field>
		<field name="CullDistance">0</field>
		<field name="ResetInstanceWhenStarted">true</field>
		<field name="TriggerPostEffect">false</field>
		<field name="PostEffectContrastOffset">0</field>
		<complex name="PostEffectBrightnessOffset">0/0/0/*nonzero*</complex>
		<field name="PostEffectFadeInTime">0</field>
		<field name="PostEffectFadeOutTime">0</field>
		<field name="PostEffectSizeScale">1.0</field>
		<field name="PostEffectDistanceFallof">0.00999999977648</field>
		<field name="MoveEmitterInSpiral">false</field>
		<field name="ShootEmitterFromCamera">false</field>
		<field name="SpawnCompositeMeshPart">false</field>
		<field name="CompositeMeshPartIndex">-1</field>
		<field name="StartStop">true</field>
		<field name="Pause">false</field>
		<field ref="fx/weapons/muzzleflashes/specific/emitter_mec_rif_3p/em_muzz_mec_rif_firearm_3p_02/d84ecfe0-7c00-4751-b052-19fb505c16a4" name="Emitter" />
		<field name="SpawnProbability">1.0</field>
	</instance>
	<instance guid="B1EFFC5B-0FC3-4A3F-BAE2-EBEADE17C688" type="Emitter.EmitterEntityData">
		<array name="Components" />
		<field name="Enumeration">0</field>
		<field name="Name" />
		<complex name="Transform">-0.638255596161/0.741360366344/-0.207397818565/*nonzero*/-0.309037834406/6.29558940091e-07/0.95104944706/*nonzero*/0.705070793629/0.671106696129/0.229108154774/*nonzero*/-0.053963009268/-9.31322574615e-10/0.183174371719/*nonzero*</complex>
		<field name="MaxInstanceCount">30</field>
		<field name="CullDistance">0</field>
		<field name="ResetInstanceWhenStarted">true</field>
		<field name="TriggerPostEffect">false</field>
		<field name="PostEffectContrastOffset">0</field>
		<complex name="PostEffectBrightnessOffset">0/0/0/*nonzero*</complex>
		<field name="PostEffectFadeInTime">0</field>
		<field name="PostEffectFadeOutTime">0</field>
		<field name="PostEffectSizeScale">1.0</field>
		<field name="PostEffectDistanceFallof">0.00999999977648</field>
		<field name="MoveEmitterInSpiral">false</field>
		<field name="ShootEmitterFromCamera">false</field>
		<field name="SpawnCompositeMeshPart">false</field>
		<field name="CompositeMeshPartIndex">-1</field>
		<field name="StartStop">true</field>
		<field name="Pause">false</field>
		<field ref="fx/weapons/muzzleflashes/specific/emitter_mec_rif_3p/em_muzz_mec_rif_firearm_3p_02/d84ecfe0-7c00-4751-b052-19fb505c16a4" name="Emitter" />
		<field name="SpawnProbability">1.0</field>
	</instance>
</partition>
