<?xml version="1.0"?>
<partition guid="98B3FF55-2050-4B4B-A630-543A5C70081E" primaryInstance="F263F381-71D9-4382-875D-2BBFCAD1988B" exportMode="All">
	<instance guid="E8659F22-91A1-4C53-907D-B0A4C20950FB" type="Entity.EffectAsset">
		<field name="Name">FX/Weapons/MuzzleFlashes/Specific/FX_Muzz_HMG</field>
		<field name="MemoryReportGroup">MemoryReportGroup_default</field>
		<array name="Objects" />
		<array name="EventConnections" />
		<array name="DataConnections" />
		<field ref="null" name="Descriptor" />
		<field ref="f263f381-71d9-4382-875d-2bbfcad1988b" name="Object" />
	</instance>
	<instance guid="F263F381-71D9-4382-875D-2BBFCAD1988B" type="Entity.EffectEntityData" id="FX_Muzz_HMG">
		<array name="Components">
			<item ref="b74614f3-cd9f-4c29-85c6-bbaa085890a7" />
			<item ref="42a01ced-ac49-48c2-b6fa-a8e338932a05" />
			<item ref="370afb58-c899-4d1f-b687-1c8c26e79a32" />
			<item ref="064885cb-60ca-44fb-a5e4-ebed36376d29" />
			<item ref="03a38704-9d0c-46a3-8f6c-98492ff0b98f" />
		</array>
		<field name="Enumeration">0</field>
		<field name="Name" />
		<complex name="Transform">1.0/0/0/*nonzero*/0/1.0/0/*nonzero*/0/0/1.0/*nonzero*/0/0/0/*nonzero*</complex>
		<field name="MaxInstanceCount">30</field>
		<field name="CullDistance">0</field>
		<field name="ResetInstanceWhenStarted">true</field>
		<field name="TriggerPostEffect">false</field>
		<field name="PostEffectContrastOffset">0</field>
		<complex name="PostEffectBrightnessOffset">0/0/0/*nonzero*</complex>
		<field name="PostEffectFadeInTime">0</field>
		<field name="PostEffectFadeOutTime">0</field>
		<field name="PostEffectSizeScale">1.0</field>
		<field name="PostEffectDistanceFallof">0.00999999977648</field>
	</instance>
	<instance guid="B74614F3-CD9F-4C29-85C6-BBAA085890A7" type="Emitter.EmitterEntityData">
		<array name="Components" />
		<field name="Enumeration">0</field>
		<field name="Name" />
		<complex name="Transform">1.0/0/0/*nonzero*/0/1.0/0/*nonzero*/0/0/1.0/*nonzero*/0/0/0/*nonzero*</complex>
		<field name="MaxInstanceCount">30</field>
		<field name="CullDistance">0</field>
		<field name="ResetInstanceWhenStarted">true</field>
		<field name="TriggerPostEffect">false</field>
		<field name="PostEffectContrastOffset">0</field>
		<complex name="PostEffectBrightnessOffset">0/0/0/*nonzero*</complex>
		<field name="PostEffectFadeInTime">0</field>
		<field name="PostEffectFadeOutTime">0</field>
		<field name="PostEffectSizeScale">1.0</field>
		<field name="PostEffectDistanceFallof">0.00999999977648</field>
		<field name="MoveEmitterInSpiral">false</field>
		<field name="ShootEmitterFromCamera">false</field>
		<field name="SpawnCompositeMeshPart">false</field>
		<field name="CompositeMeshPartIndex">-1</field>
		<field name="StartStop">true</field>
		<field name="Pause">false</field>
		<field ref="fx/weapons/muzzleflashes/specific/emitter_hmg/em_muzz_hmg_glow_01/41ccc922-7467-4ec3-a74b-105c34c35a80" name="Emitter" />
		<field name="SpawnProbability">1.0</field>
	</instance>
	<instance guid="42A01CED-AC49-48C2-B6FA-A8E338932A05" type="Emitter.EmitterEntityData">
		<array name="Components" />
		<field name="Enumeration">0</field>
		<field name="Name" />
		<complex name="Transform">0.733800411224/-4.2525297772e-07/0.679365098476/*nonzero*/0.679365098476/8.18471562525e-07/-0.73380035162/*nonzero*/-1.87146724784e-07/0.999999940395/9.10729738735e-07/*nonzero*/0/-0.10928940773/0/*nonzero*</complex>
		<field name="MaxInstanceCount">30</field>
		<field name="CullDistance">0</field>
		<field name="ResetInstanceWhenStarted">true</field>
		<field name="TriggerPostEffect">false</field>
		<field name="PostEffectContrastOffset">0</field>
		<complex name="PostEffectBrightnessOffset">0/0/0/*nonzero*</complex>
		<field name="PostEffectFadeInTime">0</field>
		<field name="PostEffectFadeOutTime">0</field>
		<field name="PostEffectSizeScale">1.0</field>
		<field name="PostEffectDistanceFallof">0.00999999977648</field>
		<field name="MoveEmitterInSpiral">false</field>
		<field name="ShootEmitterFromCamera">false</field>
		<field name="SpawnCompositeMeshPart">false</field>
		<field name="CompositeMeshPartIndex">-1</field>
		<field name="StartStop">true</field>
		<field name="Pause">false</field>
		<field ref="fx/weapons/muzzleflashes/specific/emitter_hmg/em_muzz_hmg_firearm_01/65681249-e7b6-4993-8377-d135f093b814" name="Emitter" />
		<field name="SpawnProbability">1.0</field>
	</instance>
	<instance guid="370AFB58-C899-4D1F-B687-1C8C26E79A32" type="Emitter.EmitterEntityData">
		<array name="Components" />
		<field name="Enumeration">0</field>
		<field name="Name" />
		<complex name="Transform">0.679365336895/1.35003588753e-07/-0.73380023241/*nonzero*/-0.733800172806/2.76456034953e-07/-0.6793653965/*nonzero*/1.46386213373e-07/1.0/2.76456034953e-07/*nonzero*/0/-0.10928940773/0/*nonzero*</complex>
		<field name="MaxInstanceCount">30</field>
		<field name="CullDistance">0</field>
		<field name="ResetInstanceWhenStarted">true</field>
		<field name="TriggerPostEffect">false</field>
		<field name="PostEffectContrastOffset">0</field>
		<complex name="PostEffectBrightnessOffset">0/0/0/*nonzero*</complex>
		<field name="PostEffectFadeInTime">0</field>
		<field name="PostEffectFadeOutTime">0</field>
		<field name="PostEffectSizeScale">1.0</field>
		<field name="PostEffectDistanceFallof">0.00999999977648</field>
		<field name="MoveEmitterInSpiral">false</field>
		<field name="ShootEmitterFromCamera">false</field>
		<field name="SpawnCompositeMeshPart">false</field>
		<field name="CompositeMeshPartIndex">-1</field>
		<field name="StartStop">true</field>
		<field name="Pause">false</field>
		<field ref="fx/weapons/muzzleflashes/specific/emitter_hmg/em_muzz_hmg_firearm_01/65681249-e7b6-4993-8377-d135f093b814" name="Emitter" />
		<field name="SpawnProbability">1.0</field>
	</instance>
	<instance guid="064885CB-60CA-44FB-A5E4-EBED36376D29" type="Emitter.EmitterEntityData">
		<array name="Components" />
		<field name="Enumeration">0</field>
		<field name="Name" />
		<complex name="Transform">-0.679365456104/6.75017801655e-08/0.733800053596/*nonzero*/0.733800053596/1.89474121726e-07/0.679365456104/*nonzero*/-7.06678804363e-08/0.999999940395/-1.19493307693e-07/*nonzero*/0/-0.10928940773/0/*nonzero*</complex>
		<field name="MaxInstanceCount">30</field>
		<field name="CullDistance">0</field>
		<field name="ResetInstanceWhenStarted">true</field>
		<field name="TriggerPostEffect">false</field>
		<field name="PostEffectContrastOffset">0</field>
		<complex name="PostEffectBrightnessOffset">0/0/0/*nonzero*</complex>
		<field name="PostEffectFadeInTime">0</field>
		<field name="PostEffectFadeOutTime">0</field>
		<field name="PostEffectSizeScale">1.0</field>
		<field name="PostEffectDistanceFallof">0.00999999977648</field>
		<field name="MoveEmitterInSpiral">false</field>
		<field name="ShootEmitterFromCamera">false</field>
		<field name="SpawnCompositeMeshPart">false</field>
		<field name="CompositeMeshPartIndex">-1</field>
		<field name="StartStop">true</field>
		<field name="Pause">false</field>
		<field ref="fx/weapons/muzzleflashes/specific/emitter_hmg/em_muzz_hmg_firearm_01/65681249-e7b6-4993-8377-d135f093b814" name="Emitter" />
		<field name="SpawnProbability">1.0</field>
	</instance>
	<instance guid="03A38704-9D0C-46A3-8F6C-98492FF0B98F" type="Emitter.EmitterEntityData">
		<array name="Components" />
		<field name="Enumeration">0</field>
		<field name="Name" />
		<complex name="Transform">-0.733799934387/6.1505502913e-08/-0.67936527729/*nonzero*/-0.67936527729/-2.78710814428e-08/0.733800053596/*nonzero*/-7.49030490965e-08/0.999999880791/2.86063823296e-07/*nonzero*/0/-0.10928940773/0/*nonzero*</complex>
		<field name="MaxInstanceCount">30</field>
		<field name="CullDistance">0</field>
		<field name="ResetInstanceWhenStarted">true</field>
		<field name="TriggerPostEffect">false</field>
		<field name="PostEffectContrastOffset">0</field>
		<complex name="PostEffectBrightnessOffset">0/0/0/*nonzero*</complex>
		<field name="PostEffectFadeInTime">0</field>
		<field name="PostEffectFadeOutTime">0</field>
		<field name="PostEffectSizeScale">1.0</field>
		<field name="PostEffectDistanceFallof">0.00999999977648</field>
		<field name="MoveEmitterInSpiral">false</field>
		<field name="ShootEmitterFromCamera">false</field>
		<field name="SpawnCompositeMeshPart">false</field>
		<field name="CompositeMeshPartIndex">-1</field>
		<field name="StartStop">true</field>
		<field name="Pause">false</field>
		<field ref="fx/weapons/muzzleflashes/specific/emitter_hmg/em_muzz_hmg_firearm_01/65681249-e7b6-4993-8377-d135f093b814" name="Emitter" />
		<field name="SpawnProbability">1.0</field>
	</instance>
</partition>
