<?xml version="1.0"?>
<partition guid="112A8977-B79A-4FBA-B795-48479D251D8A" primaryInstance="9839F76A-FFF8-4C35-9307-5F61D7F87A31" exportMode="All">
	<instance guid="926BD5BB-86BE-4F6F-93DB-847B94FB408F" type="Entity.EffectAsset">
		<field name="Name">FX/Weapons/MuzzleFlashes/Specific/FX_Muzz_HMG_3P</field>
		<field name="MemoryReportGroup">MemoryReportGroup_default</field>
		<array name="Objects" />
		<array name="EventConnections" />
		<array name="DataConnections" />
		<field ref="null" name="Descriptor" />
		<field ref="9839f76a-fff8-4c35-9307-5f61d7f87a31" name="Object" />
	</instance>
	<instance guid="9839F76A-FFF8-4C35-9307-5F61D7F87A31" type="Entity.EffectEntityData" id="FX_Muzz_HMG_3P">
		<array name="Components">
			<item ref="9fa050d3-0081-4594-beba-c747581ff6a2" />
			<item ref="0f57ba51-c56a-45bd-923b-dcc932479532" />
			<item ref="2d39453a-814a-430e-a9da-0188ea3ace72" />
			<item ref="680c9f6f-a853-433a-8585-1b7487e29b41" />
			<item ref="929460ac-0a8c-462f-85a9-33c2f628f38e" />
			<item ref="6ceb612f-238a-4b53-b59b-5105b9b2503e" />
			<item ref="037b61f7-4ae6-4344-82b3-35a945051098" />
			<item ref="e47885ba-e461-4282-ba26-f9fc77e46b01" />
			<item ref="14ce6b3f-6724-4407-aea9-af872a856b31" />
			<item ref="551082e5-4083-4982-b6f8-27e359ea977a" />
			<item ref="40ad3b9b-4239-4ca0-bdf4-f9936cb9099e" />
		</array>
		<field name="Enumeration">0</field>
		<field name="Name" />
		<complex name="Transform">1.0/0/0/*nonzero*/0/1.0/0/*nonzero*/0/0/1.0/*nonzero*/0/0/0/*nonzero*</complex>
		<field name="MaxInstanceCount">30</field>
		<field name="CullDistance">0</field>
		<field name="ResetInstanceWhenStarted">true</field>
		<field name="TriggerPostEffect">false</field>
		<field name="PostEffectContrastOffset">0</field>
		<complex name="PostEffectBrightnessOffset">0/0/0/*nonzero*</complex>
		<field name="PostEffectFadeInTime">0</field>
		<field name="PostEffectFadeOutTime">0</field>
		<field name="PostEffectSizeScale">1.0</field>
		<field name="PostEffectDistanceFallof">0.00999999977648</field>
	</instance>
	<instance guid="9FA050D3-0081-4594-BEBA-C747581FF6A2" type="Emitter.EmitterEntityData">
		<array name="Components" />
		<field name="Enumeration">0</field>
		<field name="Name" />
		<complex name="Transform">1.0/0/0/*nonzero*/0/1.0/0/*nonzero*/0/0/1.0/*nonzero*/0/0.142704963684/0/*nonzero*</complex>
		<field name="MaxInstanceCount">30</field>
		<field name="CullDistance">0</field>
		<field name="ResetInstanceWhenStarted">true</field>
		<field name="TriggerPostEffect">false</field>
		<field name="PostEffectContrastOffset">0</field>
		<complex name="PostEffectBrightnessOffset">0/0/0/*nonzero*</complex>
		<field name="PostEffectFadeInTime">0</field>
		<field name="PostEffectFadeOutTime">0</field>
		<field name="PostEffectSizeScale">1.0</field>
		<field name="PostEffectDistanceFallof">0.00999999977648</field>
		<field name="MoveEmitterInSpiral">false</field>
		<field name="ShootEmitterFromCamera">false</field>
		<field name="SpawnCompositeMeshPart">false</field>
		<field name="CompositeMeshPartIndex">-1</field>
		<field name="StartStop">true</field>
		<field name="Pause">false</field>
		<field ref="fx/weapons/muzzleflashes/specific/emitter_hmg/em_muzz_hmg_fire_01/1ccb8cf7-ccf2-45ff-b500-ab659a035a21" name="Emitter" />
		<field name="SpawnProbability">1.0</field>
	</instance>
	<instance guid="0F57BA51-C56A-45BD-923B-DCC932479532" type="Emitter.EmitterEntityData">
		<array name="Components" />
		<field name="Enumeration">0</field>
		<field name="Name" />
		<complex name="Transform">1.0/0/0/*nonzero*/0/1.0/0/*nonzero*/0/0/1.0/*nonzero*/0/0/0/*nonzero*</complex>
		<field name="MaxInstanceCount">30</field>
		<field name="CullDistance">0</field>
		<field name="ResetInstanceWhenStarted">true</field>
		<field name="TriggerPostEffect">false</field>
		<field name="PostEffectContrastOffset">0</field>
		<complex name="PostEffectBrightnessOffset">0/0/0/*nonzero*</complex>
		<field name="PostEffectFadeInTime">0</field>
		<field name="PostEffectFadeOutTime">0</field>
		<field name="PostEffectSizeScale">1.0</field>
		<field name="PostEffectDistanceFallof">0.00999999977648</field>
		<field name="MoveEmitterInSpiral">false</field>
		<field name="ShootEmitterFromCamera">false</field>
		<field name="SpawnCompositeMeshPart">false</field>
		<field name="CompositeMeshPartIndex">-1</field>
		<field name="StartStop">true</field>
		<field name="Pause">false</field>
		<field ref="fx/weapons/muzzleflashes/specific/emitter_hmg/em_muzz_hmg_glow_01/41ccc922-7467-4ec3-a74b-105c34c35a80" name="Emitter" />
		<field name="SpawnProbability">1.0</field>
	</instance>
	<instance guid="2D39453A-814A-430E-A9DA-0188EA3ACE72" type="Emitter.EmitterEntityData">
		<array name="Components" />
		<field name="Enumeration">0</field>
		<field name="Name" />
		<complex name="Transform">1.0/0/0/*nonzero*/0/1.0/0/*nonzero*/0/0/1.0/*nonzero*/0/0/0/*nonzero*</complex>
		<field name="MaxInstanceCount">30</field>
		<field name="CullDistance">0</field>
		<field name="ResetInstanceWhenStarted">true</field>
		<field name="TriggerPostEffect">false</field>
		<field name="PostEffectContrastOffset">0</field>
		<complex name="PostEffectBrightnessOffset">0/0/0/*nonzero*</complex>
		<field name="PostEffectFadeInTime">0</field>
		<field name="PostEffectFadeOutTime">0</field>
		<field name="PostEffectSizeScale">1.0</field>
		<field name="PostEffectDistanceFallof">0.00999999977648</field>
		<field name="MoveEmitterInSpiral">false</field>
		<field name="ShootEmitterFromCamera">false</field>
		<field name="SpawnCompositeMeshPart">false</field>
		<field name="CompositeMeshPartIndex">-1</field>
		<field name="StartStop">true</field>
		<field name="Pause">false</field>
		<field ref="fx/weapons/muzzleflashes/specific/emitter_hmg/em_muzz_hmg_smokeburst_01/38f82a98-b108-4d6c-8cb1-f6237b0ed1c9" name="Emitter" />
		<field name="SpawnProbability">1.0</field>
	</instance>
	<instance guid="680C9F6F-A853-433A-8585-1B7487E29B41" type="Emitter.EmitterEntityData">
		<array name="Components" />
		<field name="Enumeration">0</field>
		<field name="Name" />
		<complex name="Transform">5.59370448627e-07/0.999999642372/-8.20300485316e-08/*nonzero*/-0.717153966427/5.27670749761e-07/0.696914315224/*nonzero*/0.696914255619/-1.78813905904e-07/0.717154204845/*nonzero*/-9.31322574615e-10/-0.10928940773/-4.65661287308e-10/*nonzero*</complex>
		<field name="MaxInstanceCount">30</field>
		<field name="CullDistance">0</field>
		<field name="ResetInstanceWhenStarted">true</field>
		<field name="TriggerPostEffect">false</field>
		<field name="PostEffectContrastOffset">0</field>
		<complex name="PostEffectBrightnessOffset">0/0/0/*nonzero*</complex>
		<field name="PostEffectFadeInTime">0</field>
		<field name="PostEffectFadeOutTime">0</field>
		<field name="PostEffectSizeScale">1.0</field>
		<field name="PostEffectDistanceFallof">0.00999999977648</field>
		<field name="MoveEmitterInSpiral">false</field>
		<field name="ShootEmitterFromCamera">false</field>
		<field name="SpawnCompositeMeshPart">false</field>
		<field name="CompositeMeshPartIndex">-1</field>
		<field name="StartStop">true</field>
		<field name="Pause">false</field>
		<field ref="fx/weapons/muzzleflashes/specific/emitter_hmg/em_muzz_hmg_firearm_01/65681249-e7b6-4993-8377-d135f093b814" name="Emitter" />
		<field name="SpawnProbability">1.0</field>
	</instance>
	<instance guid="929460AC-0A8C-462F-85A9-33C2F628F38E" type="Emitter.EmitterEntityData">
		<array name="Components" />
		<field name="Enumeration">0</field>
		<field name="Name" />
		<complex name="Transform">0.696914732456/1.20158887285e-08/0.717153966427/*nonzero*/0.717153906822/2.24295064299e-07/-0.696914613247/*nonzero*/-1.53168699057e-07/0.999999940395/1.58666566108e-07/*nonzero*/-9.31322574615e-10/-0.10928940773/-4.65661287308e-10/*nonzero*</complex>
		<field name="MaxInstanceCount">30</field>
		<field name="CullDistance">0</field>
		<field name="ResetInstanceWhenStarted">true</field>
		<field name="TriggerPostEffect">false</field>
		<field name="PostEffectContrastOffset">0</field>
		<complex name="PostEffectBrightnessOffset">0/0/0/*nonzero*</complex>
		<field name="PostEffectFadeInTime">0</field>
		<field name="PostEffectFadeOutTime">0</field>
		<field name="PostEffectSizeScale">1.0</field>
		<field name="PostEffectDistanceFallof">0.00999999977648</field>
		<field name="MoveEmitterInSpiral">false</field>
		<field name="ShootEmitterFromCamera">false</field>
		<field name="SpawnCompositeMeshPart">false</field>
		<field name="CompositeMeshPartIndex">-1</field>
		<field name="StartStop">true</field>
		<field name="Pause">false</field>
		<field ref="fx/weapons/muzzleflashes/specific/emitter_hmg/em_muzz_hmg_firearm_01/65681249-e7b6-4993-8377-d135f093b814" name="Emitter" />
		<field name="SpawnProbability">1.0</field>
	</instance>
	<instance guid="6CEB612F-238A-4B53-B59B-5105B9B2503E" type="Emitter.EmitterEntityData">
		<array name="Components" />
		<field name="Enumeration">0</field>
		<field name="Name" />
		<complex name="Transform">-0.696914255619/3.88221899073e-08/-0.717153847218/*nonzero*/-0.717153906822/1.91480822309e-07/0.696914494038/*nonzero*/2.49395490926e-08/0.999999701977/1.91480808098e-07/*nonzero*/-9.31322574615e-10/-0.10928940773/-4.65661287308e-10/*nonzero*</complex>
		<field name="MaxInstanceCount">30</field>
		<field name="CullDistance">0</field>
		<field name="ResetInstanceWhenStarted">true</field>
		<field name="TriggerPostEffect">false</field>
		<field name="PostEffectContrastOffset">0</field>
		<complex name="PostEffectBrightnessOffset">0/0/0/*nonzero*</complex>
		<field name="PostEffectFadeInTime">0</field>
		<field name="PostEffectFadeOutTime">0</field>
		<field name="PostEffectSizeScale">1.0</field>
		<field name="PostEffectDistanceFallof">0.00999999977648</field>
		<field name="MoveEmitterInSpiral">false</field>
		<field name="ShootEmitterFromCamera">false</field>
		<field name="SpawnCompositeMeshPart">false</field>
		<field name="CompositeMeshPartIndex">-1</field>
		<field name="StartStop">true</field>
		<field name="Pause">false</field>
		<field ref="fx/weapons/muzzleflashes/specific/emitter_hmg/em_muzz_hmg_firearm_01/65681249-e7b6-4993-8377-d135f093b814" name="Emitter" />
		<field name="SpawnProbability">1.0</field>
	</instance>
	<instance guid="037B61F7-4AE6-4344-82B3-35A945051098" type="Emitter.EmitterEntityData">
		<array name="Components" />
		<field name="Enumeration">0</field>
		<field name="Name" />
		<complex name="Transform">1.20147532812e-07/0.999999463558/2.25782574859e-08/*nonzero*/0.717153608799/2.76359600093e-07/-0.696914374828/*nonzero*/-0.696914374828/-2.98023135059e-08/-0.717153429985/*nonzero*/-9.31322574615e-10/-0.10928940773/-4.65661287308e-10/*nonzero*</complex>
		<field name="MaxInstanceCount">30</field>
		<field name="CullDistance">0</field>
		<field name="ResetInstanceWhenStarted">true</field>
		<field name="TriggerPostEffect">false</field>
		<field name="PostEffectContrastOffset">0</field>
		<complex name="PostEffectBrightnessOffset">0/0/0/*nonzero*</complex>
		<field name="PostEffectFadeInTime">0</field>
		<field name="PostEffectFadeOutTime">0</field>
		<field name="PostEffectSizeScale">1.0</field>
		<field name="PostEffectDistanceFallof">0.00999999977648</field>
		<field name="MoveEmitterInSpiral">false</field>
		<field name="ShootEmitterFromCamera">false</field>
		<field name="SpawnCompositeMeshPart">false</field>
		<field name="CompositeMeshPartIndex">-1</field>
		<field name="StartStop">true</field>
		<field name="Pause">false</field>
		<field ref="fx/weapons/muzzleflashes/specific/emitter_hmg/em_muzz_hmg_firearm_01/65681249-e7b6-4993-8377-d135f093b814" name="Emitter" />
		<field name="SpawnProbability">1.0</field>
	</instance>
	<instance guid="E47885BA-E461-4282-BA26-F9FC77E46B01" type="Emitter.EmitterEntityData">
		<array name="Components" />
		<field name="Enumeration">0</field>
		<field name="Name" />
		<complex name="Transform">0.717154145241/-1.3415210276e-07/-0.696914553642/*nonzero*/0.696914553642/3.08059384224e-07/0.717154026031/*nonzero*/6.16312902935e-08/-0.999999880791/3.39759054668e-07/*nonzero*/0/0/0/*nonzero*</complex>
		<field name="MaxInstanceCount">30</field>
		<field name="CullDistance">0</field>
		<field name="ResetInstanceWhenStarted">true</field>
		<field name="TriggerPostEffect">false</field>
		<field name="PostEffectContrastOffset">0</field>
		<complex name="PostEffectBrightnessOffset">0/0/0/*nonzero*</complex>
		<field name="PostEffectFadeInTime">0</field>
		<field name="PostEffectFadeOutTime">0</field>
		<field name="PostEffectSizeScale">1.0</field>
		<field name="PostEffectDistanceFallof">0.00999999977648</field>
		<field name="MoveEmitterInSpiral">false</field>
		<field name="ShootEmitterFromCamera">false</field>
		<field name="SpawnCompositeMeshPart">false</field>
		<field name="CompositeMeshPartIndex">-1</field>
		<field name="StartStop">true</field>
		<field name="Pause">false</field>
		<field ref="fx/weapons/muzzleflashes/specific/emitter_hmg/em_muzz_hmg_firearm_01/65681249-e7b6-4993-8377-d135f093b814" name="Emitter" />
		<field name="SpawnProbability">1.0</field>
	</instance>
	<instance guid="14CE6B3F-6724-4407-AEA9-AF872A856B31" type="Emitter.EmitterEntityData">
		<array name="Components" />
		<field name="Enumeration">0</field>
		<field name="Name" />
		<complex name="Transform">-2.9436458604e-08/0.999999940395/-3.67021328884e-08/*nonzero*/0.696914553642/1.25852324118e-07/0.717154145241/*nonzero*/0.717154085636/2.98023223877e-08/-0.696914494038/*nonzero*/0/0/0/*nonzero*</complex>
		<field name="MaxInstanceCount">30</field>
		<field name="CullDistance">0</field>
		<field name="ResetInstanceWhenStarted">true</field>
		<field name="TriggerPostEffect">false</field>
		<field name="PostEffectContrastOffset">0</field>
		<complex name="PostEffectBrightnessOffset">0/0/0/*nonzero*</complex>
		<field name="PostEffectFadeInTime">0</field>
		<field name="PostEffectFadeOutTime">0</field>
		<field name="PostEffectSizeScale">1.0</field>
		<field name="PostEffectDistanceFallof">0.00999999977648</field>
		<field name="MoveEmitterInSpiral">false</field>
		<field name="ShootEmitterFromCamera">false</field>
		<field name="SpawnCompositeMeshPart">false</field>
		<field name="CompositeMeshPartIndex">-1</field>
		<field name="StartStop">true</field>
		<field name="Pause">false</field>
		<field ref="fx/weapons/muzzleflashes/specific/emitter_hmg/em_muzz_hmg_firearm_01/65681249-e7b6-4993-8377-d135f093b814" name="Emitter" />
		<field name="SpawnProbability">1.0</field>
	</instance>
	<instance guid="551082E5-4083-4982-B6F8-27E359EA977A" type="Emitter.EmitterEntityData">
		<array name="Components" />
		<field name="Enumeration">0</field>
		<field name="Name" />
		<complex name="Transform">0.717154085636/9.50990752813e-08/-0.696914553642/*nonzero*/-0.696914613247/3.08059384224e-07/-0.717154026031/*nonzero*/9.14336126812e-08/0.999999880791/3.08059384224e-07/*nonzero*/0/0/0/*nonzero*</complex>
		<field name="MaxInstanceCount">30</field>
		<field name="CullDistance">0</field>
		<field name="ResetInstanceWhenStarted">true</field>
		<field name="TriggerPostEffect">false</field>
		<field name="PostEffectContrastOffset">0</field>
		<complex name="PostEffectBrightnessOffset">0/0/0/*nonzero*</complex>
		<field name="PostEffectFadeInTime">0</field>
		<field name="PostEffectFadeOutTime">0</field>
		<field name="PostEffectSizeScale">1.0</field>
		<field name="PostEffectDistanceFallof">0.00999999977648</field>
		<field name="MoveEmitterInSpiral">false</field>
		<field name="ShootEmitterFromCamera">false</field>
		<field name="SpawnCompositeMeshPart">false</field>
		<field name="CompositeMeshPartIndex">-1</field>
		<field name="StartStop">true</field>
		<field name="Pause">false</field>
		<field ref="fx/weapons/muzzleflashes/specific/emitter_hmg/em_muzz_hmg_firearm_01/65681249-e7b6-4993-8377-d135f093b814" name="Emitter" />
		<field name="SpawnProbability">1.0</field>
	</instance>
	<instance guid="40AD3B9B-4239-4CA0-BDF4-F9936CB9099E" type="Emitter.EmitterEntityData">
		<array name="Components" />
		<field name="Enumeration">0</field>
		<field name="Name" />
		<complex name="Transform">1.58666580319e-07/1.0/1.14346519808e-07/*nonzero*/-0.696914672852/1.9148083652e-07/-0.717154026031/*nonzero*/-0.717154026031/2.98023223877e-08/0.696914672852/*nonzero*/0/0/0/*nonzero*</complex>
		<field name="MaxInstanceCount">30</field>
		<field name="CullDistance">0</field>
		<field name="ResetInstanceWhenStarted">true</field>
		<field name="TriggerPostEffect">false</field>
		<field name="PostEffectContrastOffset">0</field>
		<complex name="PostEffectBrightnessOffset">0/0/0/*nonzero*</complex>
		<field name="PostEffectFadeInTime">0</field>
		<field name="PostEffectFadeOutTime">0</field>
		<field name="PostEffectSizeScale">1.0</field>
		<field name="PostEffectDistanceFallof">0.00999999977648</field>
		<field name="MoveEmitterInSpiral">false</field>
		<field name="ShootEmitterFromCamera">false</field>
		<field name="SpawnCompositeMeshPart">false</field>
		<field name="CompositeMeshPartIndex">-1</field>
		<field name="StartStop">true</field>
		<field name="Pause">false</field>
		<field ref="fx/weapons/muzzleflashes/specific/emitter_hmg/em_muzz_hmg_firearm_01/65681249-e7b6-4993-8377-d135f093b814" name="Emitter" />
		<field name="SpawnProbability">1.0</field>
	</instance>
</partition>
