<?xml version="1.0"?>
<partition guid="05A4936B-2367-4241-9613-AE4E7A20993D" primaryInstance="E30645CA-F4F5-4B7A-B9B2-7BAC9CA2B43C" exportMode="All">
	<instance guid="CFDF8587-BF6E-4EE1-A900-CD240441B21E" type="Entity.EffectAsset">
		<field name="Name">FX/Weapons/MuzzleFlashes/Specific/FX_Muzz_US_Sni_3P</field>
		<field name="MemoryReportGroup">MemoryReportGroup_default</field>
		<array name="Objects" />
		<array name="EventConnections" />
		<array name="DataConnections" />
		<field ref="null" name="Descriptor" />
		<field ref="e30645ca-f4f5-4b7a-b9b2-7bac9ca2b43c" name="Object" />
	</instance>
	<instance guid="E30645CA-F4F5-4B7A-B9B2-7BAC9CA2B43C" type="Entity.EffectEntityData" id="FX_Muzz_US_Sni_3P">
		<array name="Components">
			<item ref="b55fe912-0eab-4a2d-aeef-0a08dca27dfc" />
			<item ref="b88383ef-4a0a-4505-8d56-81830dfdee49" />
			<item ref="5d4df19a-0212-482e-b35d-5e4e964f803e" />
			<item ref="245cc765-ffa2-4557-ad05-e816f05c0695" />
			<item ref="44ba4f23-fd00-4f31-8f57-1a4b8c6098d6" />
			<item ref="6cc6f4a7-77f1-4114-b809-0a0198535171" />
			<item ref="9b831b88-a816-4ad2-ba5a-53502b9a88ff" />
			<item ref="baca8b8d-e1fd-458f-bca4-e3da02897e5d" />
			<item ref="9870fc58-4eeb-48f7-a9ac-f7dc85d20920" />
			<item ref="795ab42f-2d5b-4526-b7ff-7a1d32f15034" />
			<item ref="abb73f98-0f6a-4637-981a-22d5eac994e4" />
			<item ref="610c26f9-29c7-4539-84f9-65e05420af7f" />
			<item ref="f8bdd814-70b8-4471-a6a8-9aee3c733920" />
			<item ref="b26ce864-e213-4642-a000-7c84c4dc3f76" />
			<item ref="e33f2712-df10-4674-832b-646668963925" />
		</array>
		<field name="Enumeration">0</field>
		<field name="Name" />
		<complex name="Transform">1.0/0/0/*nonzero*/0/1.0/0/*nonzero*/0/0/1.0/*nonzero*/0/0/0/*nonzero*</complex>
		<field name="MaxInstanceCount">30</field>
		<field name="CullDistance">0</field>
		<field name="ResetInstanceWhenStarted">true</field>
		<field name="TriggerPostEffect">false</field>
		<field name="PostEffectContrastOffset">0</field>
		<complex name="PostEffectBrightnessOffset">0/0/0/*nonzero*</complex>
		<field name="PostEffectFadeInTime">0</field>
		<field name="PostEffectFadeOutTime">0</field>
		<field name="PostEffectSizeScale">1.0</field>
		<field name="PostEffectDistanceFallof">0.00999999977648</field>
	</instance>
	<instance guid="B55FE912-0EAB-4A2D-AEEF-0A08DCA27DFC" type="Emitter.EmitterEntityData">
		<array name="Components" />
		<field name="Enumeration">0</field>
		<field name="Name" />
		<complex name="Transform">1.0/0/0/*nonzero*/0/1.0/0/*nonzero*/0/0/1.0/*nonzero*/0/0.142704963684/0/*nonzero*</complex>
		<field name="MaxInstanceCount">30</field>
		<field name="CullDistance">0</field>
		<field name="ResetInstanceWhenStarted">true</field>
		<field name="TriggerPostEffect">false</field>
		<field name="PostEffectContrastOffset">0</field>
		<complex name="PostEffectBrightnessOffset">0/0/0/*nonzero*</complex>
		<field name="PostEffectFadeInTime">0</field>
		<field name="PostEffectFadeOutTime">0</field>
		<field name="PostEffectSizeScale">1.0</field>
		<field name="PostEffectDistanceFallof">0.00999999977648</field>
		<field name="MoveEmitterInSpiral">false</field>
		<field name="ShootEmitterFromCamera">false</field>
		<field name="SpawnCompositeMeshPart">false</field>
		<field name="CompositeMeshPartIndex">-1</field>
		<field name="StartStop">true</field>
		<field name="Pause">false</field>
		<field ref="fx/weapons/muzzleflashes/specific/emitter_us_sni_3p/em_muzz_us_sni_fire_3p_01/a8b811d1-41ec-4eba-89ef-118e2881a5f0" name="Emitter" />
		<field name="SpawnProbability">1.0</field>
	</instance>
	<instance guid="B88383EF-4A0A-4505-8D56-81830DFDEE49" type="Emitter.EmitterEntityData">
		<array name="Components" />
		<field name="Enumeration">0</field>
		<field name="Name" />
		<complex name="Transform">1.0/0/0/*nonzero*/0/1.0/0/*nonzero*/0/0/1.0/*nonzero*/0/0/0/*nonzero*</complex>
		<field name="MaxInstanceCount">30</field>
		<field name="CullDistance">0</field>
		<field name="ResetInstanceWhenStarted">true</field>
		<field name="TriggerPostEffect">false</field>
		<field name="PostEffectContrastOffset">0</field>
		<complex name="PostEffectBrightnessOffset">0/0/0/*nonzero*</complex>
		<field name="PostEffectFadeInTime">0</field>
		<field name="PostEffectFadeOutTime">0</field>
		<field name="PostEffectSizeScale">1.0</field>
		<field name="PostEffectDistanceFallof">0.00999999977648</field>
		<field name="MoveEmitterInSpiral">false</field>
		<field name="ShootEmitterFromCamera">false</field>
		<field name="SpawnCompositeMeshPart">false</field>
		<field name="CompositeMeshPartIndex">-1</field>
		<field name="StartStop">true</field>
		<field name="Pause">false</field>
		<field ref="fx/weapons/muzzleflashes/specific/emitter_us_sni_3p/em_muzz_us_sni_glow_3p_01/f2c95d6c-de52-450e-94d7-831d887fe75c" name="Emitter" />
		<field name="SpawnProbability">1.0</field>
	</instance>
	<instance guid="5D4DF19A-0212-482E-B35D-5E4E964F803E" type="Emitter.EmitterEntityData">
		<array name="Components" />
		<field name="Enumeration">0</field>
		<field name="Name" />
		<complex name="Transform">1.0/0/0/*nonzero*/0/1.0/0/*nonzero*/0/0/1.0/*nonzero*/0/0/0/*nonzero*</complex>
		<field name="MaxInstanceCount">30</field>
		<field name="CullDistance">0</field>
		<field name="ResetInstanceWhenStarted">true</field>
		<field name="TriggerPostEffect">false</field>
		<field name="PostEffectContrastOffset">0</field>
		<complex name="PostEffectBrightnessOffset">0/0/0/*nonzero*</complex>
		<field name="PostEffectFadeInTime">0</field>
		<field name="PostEffectFadeOutTime">0</field>
		<field name="PostEffectSizeScale">1.0</field>
		<field name="PostEffectDistanceFallof">0.00999999977648</field>
		<field name="MoveEmitterInSpiral">false</field>
		<field name="ShootEmitterFromCamera">false</field>
		<field name="SpawnCompositeMeshPart">false</field>
		<field name="CompositeMeshPartIndex">-1</field>
		<field name="StartStop">true</field>
		<field name="Pause">false</field>
		<field ref="fx/weapons/muzzleflashes/specific/emitter_us_sni_3p/em_muzz_us_sni_smokeburst_3p_01/a8301dc2-f07b-41d8-8bf3-a5993417c09c" name="Emitter" />
		<field name="SpawnProbability">1.0</field>
	</instance>
	<instance guid="245CC765-FFA2-4557-AD05-E816F05C0695" type="Emitter.EmitterEntityData">
		<array name="Components" />
		<field name="Enumeration">0</field>
		<field name="Name" />
		<complex name="Transform">0.941333413124/0.336738139391/-0.0223051439971/*nonzero*/-0.336643606424/0.941597640514/0.00797788333148/*nonzero*/0.0236889533699/-9.63452976066e-07/0.999719142914/*nonzero*/0/0/0/*nonzero*</complex>
		<field name="MaxInstanceCount">30</field>
		<field name="CullDistance">0</field>
		<field name="ResetInstanceWhenStarted">true</field>
		<field name="TriggerPostEffect">false</field>
		<field name="PostEffectContrastOffset">0</field>
		<complex name="PostEffectBrightnessOffset">0/0/0/*nonzero*</complex>
		<field name="PostEffectFadeInTime">0</field>
		<field name="PostEffectFadeOutTime">0</field>
		<field name="PostEffectSizeScale">1.0</field>
		<field name="PostEffectDistanceFallof">0.00999999977648</field>
		<field name="MoveEmitterInSpiral">false</field>
		<field name="ShootEmitterFromCamera">false</field>
		<field name="SpawnCompositeMeshPart">false</field>
		<field name="CompositeMeshPartIndex">-1</field>
		<field name="StartStop">true</field>
		<field name="Pause">false</field>
		<field ref="fx/weapons/muzzleflashes/specific/emitter_us_sni_3p/em_muzz_us_sni_firearm_3p_02/bf773bcb-3471-4fac-b11b-669fa08758d2" name="Emitter" />
		<field name="SpawnProbability">1.0</field>
	</instance>
	<instance guid="44BA4F23-FD00-4F31-8F57-1A4B8C6098D6" type="Emitter.EmitterEntityData">
		<array name="Components" />
		<field name="Enumeration">0</field>
		<field name="Name" />
		<complex name="Transform">0.550452470779/-3.69954790358e-07/0.834866046906/*nonzero*/0.22171613574/0.964090824127/-0.146183729172/*nonzero*/-0.804886937141/0.265570580959/0.530686438084/*nonzero*/0/0/0/*nonzero*</complex>
		<field name="MaxInstanceCount">30</field>
		<field name="CullDistance">0</field>
		<field name="ResetInstanceWhenStarted">true</field>
		<field name="TriggerPostEffect">false</field>
		<field name="PostEffectContrastOffset">0</field>
		<complex name="PostEffectBrightnessOffset">0/0/0/*nonzero*</complex>
		<field name="PostEffectFadeInTime">0</field>
		<field name="PostEffectFadeOutTime">0</field>
		<field name="PostEffectSizeScale">1.0</field>
		<field name="PostEffectDistanceFallof">0.00999999977648</field>
		<field name="MoveEmitterInSpiral">false</field>
		<field name="ShootEmitterFromCamera">false</field>
		<field name="SpawnCompositeMeshPart">false</field>
		<field name="CompositeMeshPartIndex">-1</field>
		<field name="StartStop">true</field>
		<field name="Pause">false</field>
		<field ref="fx/weapons/muzzleflashes/specific/emitter_us_sni_3p/em_muzz_us_sni_firearm_3p_02/bf773bcb-3471-4fac-b11b-669fa08758d2" name="Emitter" />
		<field name="SpawnProbability">1.0</field>
	</instance>
	<instance guid="6CC6F4A7-77F1-4114-B809-0A0198535171" type="Emitter.EmitterEntityData">
		<array name="Components" />
		<field name="Enumeration">0</field>
		<field name="Name" />
		<complex name="Transform">-0.0236885882914/5.73378201807e-07/-0.999717712402/*nonzero*/-0.336644977331/0.94159668684/0.00797744747251/*nonzero*/0.941332280636/0.336739420891/-0.0223049335182/*nonzero*/0/0/0/*nonzero*</complex>
		<field name="MaxInstanceCount">30</field>
		<field name="CullDistance">0</field>
		<field name="ResetInstanceWhenStarted">true</field>
		<field name="TriggerPostEffect">false</field>
		<field name="PostEffectContrastOffset">0</field>
		<complex name="PostEffectBrightnessOffset">0/0/0/*nonzero*</complex>
		<field name="PostEffectFadeInTime">0</field>
		<field name="PostEffectFadeOutTime">0</field>
		<field name="PostEffectSizeScale">1.0</field>
		<field name="PostEffectDistanceFallof">0.00999999977648</field>
		<field name="MoveEmitterInSpiral">false</field>
		<field name="ShootEmitterFromCamera">false</field>
		<field name="SpawnCompositeMeshPart">false</field>
		<field name="CompositeMeshPartIndex">-1</field>
		<field name="StartStop">true</field>
		<field name="Pause">false</field>
		<field ref="fx/weapons/muzzleflashes/specific/emitter_us_sni_3p/em_muzz_us_sni_firearm_3p_02/bf773bcb-3471-4fac-b11b-669fa08758d2" name="Emitter" />
		<field name="SpawnProbability">1.0</field>
	</instance>
	<instance guid="9B831B88-A816-4AD2-BA5A-53502B9A88FF" type="Emitter.EmitterEntityData">
		<array name="Components" />
		<field name="Enumeration">0</field>
		<field name="Name" />
		<complex name="Transform">-0.804885864258/0.265571445227/0.530685067177/*nonzero*/0.221717059612/0.96408957243/-0.146184042096/*nonzero*/-0.550450563431/4.61934689611e-07/-0.834864258766/*nonzero*/0/0/0/*nonzero*</complex>
		<field name="MaxInstanceCount">30</field>
		<field name="CullDistance">0</field>
		<field name="ResetInstanceWhenStarted">true</field>
		<field name="TriggerPostEffect">false</field>
		<field name="PostEffectContrastOffset">0</field>
		<complex name="PostEffectBrightnessOffset">0/0/0/*nonzero*</complex>
		<field name="PostEffectFadeInTime">0</field>
		<field name="PostEffectFadeOutTime">0</field>
		<field name="PostEffectSizeScale">1.0</field>
		<field name="PostEffectDistanceFallof">0.00999999977648</field>
		<field name="MoveEmitterInSpiral">false</field>
		<field name="ShootEmitterFromCamera">false</field>
		<field name="SpawnCompositeMeshPart">false</field>
		<field name="CompositeMeshPartIndex">-1</field>
		<field name="StartStop">true</field>
		<field name="Pause">false</field>
		<field ref="fx/weapons/muzzleflashes/specific/emitter_us_sni_3p/em_muzz_us_sni_firearm_3p_02/bf773bcb-3471-4fac-b11b-669fa08758d2" name="Emitter" />
		<field name="SpawnProbability">1.0</field>
	</instance>
	<instance guid="BACA8B8D-E1FD-458F-BCA4-E3DA02897E5D" type="Emitter.EmitterEntityData">
		<array name="Components" />
		<field name="Enumeration">0</field>
		<field name="Name" />
		<complex name="Transform">0.717154920101/-5.28153272228e-08/-0.696913480759/*nonzero*/0.22003236413/0.948850393295/0.226422980428/*nonzero*/0.661266744137/-0.315723955631/0.680472910404/*nonzero*/0/0/0/*nonzero*</complex>
		<field name="MaxInstanceCount">30</field>
		<field name="CullDistance">0</field>
		<field name="ResetInstanceWhenStarted">true</field>
		<field name="TriggerPostEffect">false</field>
		<field name="PostEffectContrastOffset">0</field>
		<complex name="PostEffectBrightnessOffset">0/0/0/*nonzero*</complex>
		<field name="PostEffectFadeInTime">0</field>
		<field name="PostEffectFadeOutTime">0</field>
		<field name="PostEffectSizeScale">1.0</field>
		<field name="PostEffectDistanceFallof">0.00999999977648</field>
		<field name="MoveEmitterInSpiral">false</field>
		<field name="ShootEmitterFromCamera">false</field>
		<field name="SpawnCompositeMeshPart">false</field>
		<field name="CompositeMeshPartIndex">-1</field>
		<field name="StartStop">true</field>
		<field name="Pause">false</field>
		<field ref="fx/weapons/muzzleflashes/specific/emitter_us_sni_3p/em_muzz_us_sni_firearm_3p_02/bf773bcb-3471-4fac-b11b-669fa08758d2" name="Emitter" />
		<field name="SpawnProbability">1.0</field>
	</instance>
	<instance guid="9870FC58-4EEB-48F7-A9AC-F7DC85D20920" type="Emitter.EmitterEntityData">
		<array name="Components" />
		<field name="Enumeration">0</field>
		<field name="Name" />
		<complex name="Transform">-0.661267220974/0.315724998713/-0.680471897125/*nonzero*/0.220033407211/0.948850095272/0.226423442364/*nonzero*/0.717153310776/-1.49011427197e-07/-0.696913480759/*nonzero*/0/0/0/*nonzero*</complex>
		<field name="MaxInstanceCount">30</field>
		<field name="CullDistance">0</field>
		<field name="ResetInstanceWhenStarted">true</field>
		<field name="TriggerPostEffect">false</field>
		<field name="PostEffectContrastOffset">0</field>
		<complex name="PostEffectBrightnessOffset">0/0/0/*nonzero*</complex>
		<field name="PostEffectFadeInTime">0</field>
		<field name="PostEffectFadeOutTime">0</field>
		<field name="PostEffectSizeScale">1.0</field>
		<field name="PostEffectDistanceFallof">0.00999999977648</field>
		<field name="MoveEmitterInSpiral">false</field>
		<field name="ShootEmitterFromCamera">false</field>
		<field name="SpawnCompositeMeshPart">false</field>
		<field name="CompositeMeshPartIndex">-1</field>
		<field name="StartStop">true</field>
		<field name="Pause">false</field>
		<field ref="fx/weapons/muzzleflashes/specific/emitter_us_sni_3p/em_muzz_us_sni_firearm_3p_02/bf773bcb-3471-4fac-b11b-669fa08758d2" name="Emitter" />
		<field name="SpawnProbability">1.0</field>
	</instance>
	<instance guid="795AB42F-2D5B-4526-B7FF-7A1D32F15034" type="Emitter.EmitterEntityData">
		<array name="Components" />
		<field name="Enumeration">0</field>
		<field name="Name" />
		<complex name="Transform">0.945942223072/-2.55993336395e-06/-0.324334532022/*nonzero*/-0.099939763546/0.951338469982/-0.291488200426/*nonzero*/0.308552742004/0.308144956827/0.899911165237/*nonzero*/0/0/0/*nonzero*</complex>
		<field name="MaxInstanceCount">30</field>
		<field name="CullDistance">0</field>
		<field name="ResetInstanceWhenStarted">true</field>
		<field name="TriggerPostEffect">false</field>
		<field name="PostEffectContrastOffset">0</field>
		<complex name="PostEffectBrightnessOffset">0/0/0/*nonzero*</complex>
		<field name="PostEffectFadeInTime">0</field>
		<field name="PostEffectFadeOutTime">0</field>
		<field name="PostEffectSizeScale">1.0</field>
		<field name="PostEffectDistanceFallof">0.00999999977648</field>
		<field name="MoveEmitterInSpiral">false</field>
		<field name="ShootEmitterFromCamera">false</field>
		<field name="SpawnCompositeMeshPart">false</field>
		<field name="CompositeMeshPartIndex">-1</field>
		<field name="StartStop">true</field>
		<field name="Pause">false</field>
		<field ref="fx/weapons/muzzleflashes/specific/emitter_us_sni_3p/em_muzz_us_sni_firearm_3p_02/bf773bcb-3471-4fac-b11b-669fa08758d2" name="Emitter" />
		<field name="SpawnProbability">1.0</field>
	</instance>
	<instance guid="ABB73F98-0F6A-4637-981A-22D5EAC994E4" type="Emitter.EmitterEntityData">
		<array name="Components" />
		<field name="Enumeration">0</field>
		<field name="Name" />
		<complex name="Transform">0.308555155993/0.308145165443/0.899910151958/*nonzero*/-0.0999418124557/0.951338648796/-0.291487783194/*nonzero*/-0.945940732956/1.35600487283e-06/0.324337363243/*nonzero*/0/0/0/*nonzero*</complex>
		<field name="MaxInstanceCount">30</field>
		<field name="CullDistance">0</field>
		<field name="ResetInstanceWhenStarted">true</field>
		<field name="TriggerPostEffect">false</field>
		<field name="PostEffectContrastOffset">0</field>
		<complex name="PostEffectBrightnessOffset">0/0/0/*nonzero*</complex>
		<field name="PostEffectFadeInTime">0</field>
		<field name="PostEffectFadeOutTime">0</field>
		<field name="PostEffectSizeScale">1.0</field>
		<field name="PostEffectDistanceFallof">0.00999999977648</field>
		<field name="MoveEmitterInSpiral">false</field>
		<field name="ShootEmitterFromCamera">false</field>
		<field name="SpawnCompositeMeshPart">false</field>
		<field name="CompositeMeshPartIndex">-1</field>
		<field name="StartStop">true</field>
		<field name="Pause">false</field>
		<field ref="fx/weapons/muzzleflashes/specific/emitter_us_sni_3p/em_muzz_us_sni_firearm_3p_02/bf773bcb-3471-4fac-b11b-669fa08758d2" name="Emitter" />
		<field name="SpawnProbability">1.0</field>
	</instance>
	<instance guid="610C26F9-29C7-4539-84F9-65E05420AF7F" type="Emitter.EmitterEntityData">
		<array name="Components" />
		<field name="Enumeration">0</field>
		<field name="Name" />
		<complex name="Transform">1.0/0/0/*nonzero*/0/1.0/0/*nonzero*/0/0/1.0/*nonzero*/0/0/0/*nonzero*</complex>
		<field name="MaxInstanceCount">30</field>
		<field name="CullDistance">0</field>
		<field name="ResetInstanceWhenStarted">true</field>
		<field name="TriggerPostEffect">false</field>
		<field name="PostEffectContrastOffset">0</field>
		<complex name="PostEffectBrightnessOffset">0/0/0/*nonzero*</complex>
		<field name="PostEffectFadeInTime">0</field>
		<field name="PostEffectFadeOutTime">0</field>
		<field name="PostEffectSizeScale">1.0</field>
		<field name="PostEffectDistanceFallof">0.00999999977648</field>
		<field name="MoveEmitterInSpiral">false</field>
		<field name="ShootEmitterFromCamera">false</field>
		<field name="SpawnCompositeMeshPart">false</field>
		<field name="CompositeMeshPartIndex">-1</field>
		<field name="StartStop">true</field>
		<field name="Pause">false</field>
		<field ref="fx/weapons/muzzleflashes/specific/emitter_us_sni_3p/em_muzz_us_sni_firearm_3p_01/867dce16-4bf4-4e27-831d-1d4c0000d543" name="Emitter" />
		<field name="SpawnProbability">1.0</field>
	</instance>
	<instance guid="F8BDD814-70B8-4471-A6A8-9AEE3C733920" type="Emitter.EmitterEntityData">
		<array name="Components" />
		<field name="Enumeration">0</field>
		<field name="Name" />
		<complex name="Transform">3.42285417787e-08/0/-0.999999940395/*nonzero*/0/1.0/0/*nonzero*/0.999999940395/0/3.42285417787e-08/*nonzero*/0/0/0/*nonzero*</complex>
		<field name="MaxInstanceCount">30</field>
		<field name="CullDistance">0</field>
		<field name="ResetInstanceWhenStarted">true</field>
		<field name="TriggerPostEffect">false</field>
		<field name="PostEffectContrastOffset">0</field>
		<complex name="PostEffectBrightnessOffset">0/0/0/*nonzero*</complex>
		<field name="PostEffectFadeInTime">0</field>
		<field name="PostEffectFadeOutTime">0</field>
		<field name="PostEffectSizeScale">1.0</field>
		<field name="PostEffectDistanceFallof">0.00999999977648</field>
		<field name="MoveEmitterInSpiral">false</field>
		<field name="ShootEmitterFromCamera">false</field>
		<field name="SpawnCompositeMeshPart">false</field>
		<field name="CompositeMeshPartIndex">-1</field>
		<field name="StartStop">true</field>
		<field name="Pause">false</field>
		<field ref="fx/weapons/muzzleflashes/specific/emitter_us_sni_3p/em_muzz_us_sni_firearm_3p_01/867dce16-4bf4-4e27-831d-1d4c0000d543" name="Emitter" />
		<field name="SpawnProbability">1.0</field>
	</instance>
	<instance guid="B26CE864-E213-4642-A000-7C84C4DC3F76" type="Emitter.EmitterEntityData">
		<array name="Components" />
		<field name="Enumeration">0</field>
		<field name="Name" />
		<complex name="Transform">0.9487657547/0.0168802384287/0.315529108047/*nonzero*/-0.133957579732/0.925882816315/0.353264451027/*nonzero*/-0.286179810762/-0.377432733774/0.880707204342/*nonzero*/0/0/0/*nonzero*</complex>
		<field name="MaxInstanceCount">30</field>
		<field name="CullDistance">0</field>
		<field name="ResetInstanceWhenStarted">true</field>
		<field name="TriggerPostEffect">false</field>
		<field name="PostEffectContrastOffset">0</field>
		<complex name="PostEffectBrightnessOffset">0/0/0/*nonzero*</complex>
		<field name="PostEffectFadeInTime">0</field>
		<field name="PostEffectFadeOutTime">0</field>
		<field name="PostEffectSizeScale">1.0</field>
		<field name="PostEffectDistanceFallof">0.00999999977648</field>
		<field name="MoveEmitterInSpiral">false</field>
		<field name="ShootEmitterFromCamera">false</field>
		<field name="SpawnCompositeMeshPart">false</field>
		<field name="CompositeMeshPartIndex">-1</field>
		<field name="StartStop">true</field>
		<field name="Pause">false</field>
		<field ref="fx/weapons/muzzleflashes/specific/emitter_us_sni_3p/em_muzz_us_sni_firearm_3p_02/bf773bcb-3471-4fac-b11b-669fa08758d2" name="Emitter" />
		<field name="SpawnProbability">1.0</field>
	</instance>
	<instance guid="E33F2712-DF10-4674-832B-646668963925" type="Emitter.EmitterEntityData">
		<array name="Components" />
		<field name="Enumeration">0</field>
		<field name="Name" />
		<complex name="Transform">0.286181390285/0.377432495356/-0.880706369877/*nonzero*/-0.116640470922/0.926036775112/0.358957350254/*nonzero*/0.951049029827/-8.49365903832e-07/0.309038519859/*nonzero*/0/0/0/*nonzero*</complex>
		<field name="MaxInstanceCount">30</field>
		<field name="CullDistance">0</field>
		<field name="ResetInstanceWhenStarted">true</field>
		<field name="TriggerPostEffect">false</field>
		<field name="PostEffectContrastOffset">0</field>
		<complex name="PostEffectBrightnessOffset">0/0/0/*nonzero*</complex>
		<field name="PostEffectFadeInTime">0</field>
		<field name="PostEffectFadeOutTime">0</field>
		<field name="PostEffectSizeScale">1.0</field>
		<field name="PostEffectDistanceFallof">0.00999999977648</field>
		<field name="MoveEmitterInSpiral">false</field>
		<field name="ShootEmitterFromCamera">false</field>
		<field name="SpawnCompositeMeshPart">false</field>
		<field name="CompositeMeshPartIndex">-1</field>
		<field name="StartStop">true</field>
		<field name="Pause">false</field>
		<field ref="fx/weapons/muzzleflashes/specific/emitter_us_sni_3p/em_muzz_us_sni_firearm_3p_02/bf773bcb-3471-4fac-b11b-669fa08758d2" name="Emitter" />
		<field name="SpawnProbability">1.0</field>
	</instance>
</partition>
