<?xml version="1.0"?>
<partition guid="4C8F7385-54D2-4E1D-90A7-28EF011C5761" primaryInstance="8221489F-4C03-4F0C-A3C1-D29EB0A2F79B" exportMode="All">
	<instance guid="DCF23E82-8BE2-4D54-AC40-5E9A99457FFE" type="Entity.EffectAsset">
		<field name="Name">FX/Weapons/MuzzleFlashes/Specific/FX_Muzz_MEC_Lmg_3P</field>
		<field name="MemoryReportGroup">MemoryReportGroup_default</field>
		<array name="Objects" />
		<array name="EventConnections" />
		<array name="DataConnections" />
		<field ref="null" name="Descriptor" />
		<field ref="8221489f-4c03-4f0c-a3c1-d29eb0a2f79b" name="Object" />
	</instance>
	<instance guid="8221489F-4C03-4F0C-A3C1-D29EB0A2F79B" type="Entity.EffectEntityData" id="FX_Muzz_MEC_Lmg_3P">
		<array name="Components">
			<item ref="2b0cb085-ba21-4ddb-8047-9b7ebb2767f0" />
			<item ref="5c3d1f12-9604-4a25-b60e-db6a39a87f23" />
			<item ref="fd8a89ac-4426-498b-9a9e-f154d02f75b5" />
			<item ref="7df20744-d964-4e06-b60b-0f61d28d6a89" />
			<item ref="687a75cb-06e6-4b92-84dc-f5898871b126" />
			<item ref="a1c8e0f7-5531-41be-9330-1e554f2a1d38" />
			<item ref="1680db1b-ee98-4cfd-91eb-a4e70cdaaf8d" />
			<item ref="7cf6b885-675b-49ae-9f9f-0d5665273f2b" />
			<item ref="c08ceb13-7183-4192-914e-8a4d839bd599" />
			<item ref="c66b6435-0547-4af0-9787-f0f1d5ccee28" />
			<item ref="6fa21aa2-5727-4092-92a7-a7d79450dc3d" />
			<item ref="5b061730-00fa-4740-9009-186bcb4e7943" />
			<item ref="a13812be-ceda-4773-a504-4ce9cd9c07d8" />
		</array>
		<field name="Enumeration">0</field>
		<field name="Name" />
		<complex name="Transform">1.0/0/0/*nonzero*/0/1.0/0/*nonzero*/0/0/1.0/*nonzero*/0/0/0/*nonzero*</complex>
		<field name="MaxInstanceCount">30</field>
		<field name="CullDistance">0</field>
		<field name="ResetInstanceWhenStarted">true</field>
		<field name="TriggerPostEffect">false</field>
		<field name="PostEffectContrastOffset">0</field>
		<complex name="PostEffectBrightnessOffset">0/0/0/*nonzero*</complex>
		<field name="PostEffectFadeInTime">0</field>
		<field name="PostEffectFadeOutTime">0</field>
		<field name="PostEffectSizeScale">1.0</field>
		<field name="PostEffectDistanceFallof">0.00999999977648</field>
	</instance>
	<instance guid="2B0CB085-BA21-4DDB-8047-9B7EBB2767F0" type="Emitter.EmitterEntityData">
		<array name="Components" />
		<field name="Enumeration">0</field>
		<field name="Name" />
		<complex name="Transform">1.0/0/0/*nonzero*/0/1.0/0/*nonzero*/0/0/1.0/*nonzero*/0/0.10000000149/0/*nonzero*</complex>
		<field name="MaxInstanceCount">30</field>
		<field name="CullDistance">0</field>
		<field name="ResetInstanceWhenStarted">true</field>
		<field name="TriggerPostEffect">false</field>
		<field name="PostEffectContrastOffset">0</field>
		<complex name="PostEffectBrightnessOffset">0/0/0/*nonzero*</complex>
		<field name="PostEffectFadeInTime">0</field>
		<field name="PostEffectFadeOutTime">0</field>
		<field name="PostEffectSizeScale">1.0</field>
		<field name="PostEffectDistanceFallof">0.00999999977648</field>
		<field name="MoveEmitterInSpiral">false</field>
		<field name="ShootEmitterFromCamera">false</field>
		<field name="SpawnCompositeMeshPart">false</field>
		<field name="CompositeMeshPartIndex">-1</field>
		<field name="StartStop">true</field>
		<field name="Pause">false</field>
		<field ref="fx/weapons/muzzleflashes/specific/emitter_mec_lmg_3p/em_muzz_mec_lmg_glow_3p_01/c5acee6b-069e-4aa9-8e82-5476a2cac9b0" name="Emitter" />
		<field name="SpawnProbability">1.0</field>
	</instance>
	<instance guid="5C3D1F12-9604-4A25-B60E-DB6A39A87F23" type="Emitter.EmitterEntityData">
		<array name="Components" />
		<field name="Enumeration">0</field>
		<field name="Name" />
		<complex name="Transform">0.760802865028/-0.616134881973/0.203854501247/*nonzero*/0.258818656206/3.01068075714e-06/-0.965924918652/*nonzero*/0.595139503479/0.787639856339/0.159469529986/*nonzero*/0.0500000044703/0.10000000149/-0.0500000044703/*nonzero*</complex>
		<field name="MaxInstanceCount">30</field>
		<field name="CullDistance">0</field>
		<field name="ResetInstanceWhenStarted">true</field>
		<field name="TriggerPostEffect">false</field>
		<field name="PostEffectContrastOffset">0</field>
		<complex name="PostEffectBrightnessOffset">0/0/0/*nonzero*</complex>
		<field name="PostEffectFadeInTime">0</field>
		<field name="PostEffectFadeOutTime">0</field>
		<field name="PostEffectSizeScale">1.0</field>
		<field name="PostEffectDistanceFallof">0.00999999977648</field>
		<field name="MoveEmitterInSpiral">false</field>
		<field name="ShootEmitterFromCamera">false</field>
		<field name="SpawnCompositeMeshPart">false</field>
		<field name="CompositeMeshPartIndex">-1</field>
		<field name="StartStop">true</field>
		<field name="Pause">false</field>
		<field ref="fx/weapons/muzzleflashes/specific/emitter_mec_lmg_3p/em_muzz_mec_lmg_firearm_3p_02/5f4d9138-07ed-4b7c-89c0-3e90d150765f" name="Emitter" />
		<field name="SpawnProbability">1.0</field>
	</instance>
	<instance guid="FD8A89AC-4426-498B-9A9E-F154D02F75B5" type="Emitter.EmitterEntityData">
		<array name="Components" />
		<field name="Enumeration">0</field>
		<field name="Name" />
		<complex name="Transform">0.357367575169/-0.782178163528/-0.510376155376/*nonzero*/-0.819149971008/2.81051416096e-06/-0.573575973511/*nonzero*/0.448640376329/0.623052656651/-0.64072072506/*nonzero*/-0.0500000044703/0.0999999940395/-0.0500000044703/*nonzero*</complex>
		<field name="MaxInstanceCount">30</field>
		<field name="CullDistance">0</field>
		<field name="ResetInstanceWhenStarted">true</field>
		<field name="TriggerPostEffect">false</field>
		<field name="PostEffectContrastOffset">0</field>
		<complex name="PostEffectBrightnessOffset">0/0/0/*nonzero*</complex>
		<field name="PostEffectFadeInTime">0</field>
		<field name="PostEffectFadeOutTime">0</field>
		<field name="PostEffectSizeScale">1.0</field>
		<field name="PostEffectDistanceFallof">0.00999999977648</field>
		<field name="MoveEmitterInSpiral">false</field>
		<field name="ShootEmitterFromCamera">false</field>
		<field name="SpawnCompositeMeshPart">false</field>
		<field name="CompositeMeshPartIndex">-1</field>
		<field name="StartStop">true</field>
		<field name="Pause">false</field>
		<field ref="fx/weapons/muzzleflashes/specific/emitter_mec_lmg_3p/em_muzz_mec_lmg_firearm_3p_02/5f4d9138-07ed-4b7c-89c0-3e90d150765f" name="Emitter" />
		<field name="SpawnProbability">1.0</field>
	</instance>
	<instance guid="7DF20744-D964-4E06-B60B-0F61D28D6A89" type="Emitter.EmitterEntityData">
		<array name="Components" />
		<field name="Enumeration">0</field>
		<field name="Name" />
		<complex name="Transform">-2.89065894776e-07/0.651674807072/0.758495330811/*nonzero*/0.999998271465/1.39618475714e-06/-4.47034153694e-07/*nonzero*/-1.2246219967e-06/0.758495748043/-0.651674985886/*nonzero*/0.0500000081956/0.100000008941/0.0499999970198/*nonzero*</complex>
		<field name="MaxInstanceCount">30</field>
		<field name="CullDistance">0</field>
		<field name="ResetInstanceWhenStarted">true</field>
		<field name="TriggerPostEffect">false</field>
		<field name="PostEffectContrastOffset">0</field>
		<complex name="PostEffectBrightnessOffset">0/0/0/*nonzero*</complex>
		<field name="PostEffectFadeInTime">0</field>
		<field name="PostEffectFadeOutTime">0</field>
		<field name="PostEffectSizeScale">1.0</field>
		<field name="PostEffectDistanceFallof">0.00999999977648</field>
		<field name="MoveEmitterInSpiral">false</field>
		<field name="ShootEmitterFromCamera">false</field>
		<field name="SpawnCompositeMeshPart">false</field>
		<field name="CompositeMeshPartIndex">-1</field>
		<field name="StartStop">true</field>
		<field name="Pause">false</field>
		<field ref="fx/weapons/muzzleflashes/specific/emitter_mec_lmg_3p/em_muzz_mec_lmg_firearm_3p_02/5f4d9138-07ed-4b7c-89c0-3e90d150765f" name="Emitter" />
		<field name="SpawnProbability">1.0</field>
	</instance>
	<instance guid="687A75CB-06E6-4B92-84DC-F5898871B126" type="Emitter.EmitterEntityData">
		<array name="Components" />
		<field name="Enumeration">0</field>
		<field name="Name" />
		<complex name="Transform">-0.677004098892/0.693499684334/0.24640917778/*nonzero*/0.342019587755/4.97700796132e-07/0.939690887928/*nonzero*/0.651677250862/0.720453679562/-0.237191289663/*nonzero*/7.45058059692e-09/0.0999999940395/0.0999999940395/*nonzero*</complex>
		<field name="MaxInstanceCount">30</field>
		<field name="CullDistance">0</field>
		<field name="ResetInstanceWhenStarted">true</field>
		<field name="TriggerPostEffect">false</field>
		<field name="PostEffectContrastOffset">0</field>
		<complex name="PostEffectBrightnessOffset">0/0/0/*nonzero*</complex>
		<field name="PostEffectFadeInTime">0</field>
		<field name="PostEffectFadeOutTime">0</field>
		<field name="PostEffectSizeScale">1.0</field>
		<field name="PostEffectDistanceFallof">0.00999999977648</field>
		<field name="MoveEmitterInSpiral">false</field>
		<field name="ShootEmitterFromCamera">false</field>
		<field name="SpawnCompositeMeshPart">false</field>
		<field name="CompositeMeshPartIndex">-1</field>
		<field name="StartStop">true</field>
		<field name="Pause">false</field>
		<field ref="fx/weapons/muzzleflashes/specific/emitter_mec_lmg_3p/em_muzz_mec_lmg_firearm_3p_02/5f4d9138-07ed-4b7c-89c0-3e90d150765f" name="Emitter" />
		<field name="SpawnProbability">1.0</field>
	</instance>
	<instance guid="A1C8E0F7-5531-41BE-9330-1E554F2A1D38" type="Emitter.EmitterEntityData">
		<array name="Components" />
		<field name="Enumeration">0</field>
		<field name="Name" />
		<complex name="Transform">-0.411440372467/-0.696736752987/-0.587598204613/*nonzero*/-0.819151341915/-4.54535857841e-08/0.573575794697/*nonzero*/-0.399631977081/0.717325150967/-0.570733487606/*nonzero*/-3.72529029846e-09/0.10000000149/-3.72529029846e-09/*nonzero*</complex>
		<field name="MaxInstanceCount">30</field>
		<field name="CullDistance">0</field>
		<field name="ResetInstanceWhenStarted">true</field>
		<field name="TriggerPostEffect">false</field>
		<field name="PostEffectContrastOffset">0</field>
		<complex name="PostEffectBrightnessOffset">0/0/0/*nonzero*</complex>
		<field name="PostEffectFadeInTime">0</field>
		<field name="PostEffectFadeOutTime">0</field>
		<field name="PostEffectSizeScale">1.0</field>
		<field name="PostEffectDistanceFallof">0.00999999977648</field>
		<field name="MoveEmitterInSpiral">false</field>
		<field name="ShootEmitterFromCamera">false</field>
		<field name="SpawnCompositeMeshPart">false</field>
		<field name="CompositeMeshPartIndex">-1</field>
		<field name="StartStop">true</field>
		<field name="Pause">false</field>
		<field ref="fx/weapons/muzzleflashes/specific/emitter_mec_lmg_3p/em_muzz_mec_lmg_firearm_3p_02/5f4d9138-07ed-4b7c-89c0-3e90d150765f" name="Emitter" />
		<field name="SpawnProbability">1.0</field>
	</instance>
	<instance guid="1680DB1B-EE98-4CFD-91EB-A4E70CDAAF8D" type="Emitter.EmitterEntityData">
		<array name="Components" />
		<field name="Enumeration">0</field>
		<field name="Name" />
		<complex name="Transform">2.02815911621e-07/0/-0.999999821186/*nonzero*/0/1.0/0/*nonzero*/0.999999821186/0/2.02815911621e-07/*nonzero*/0/0.10000000149/0/*nonzero*</complex>
		<field name="MaxInstanceCount">30</field>
		<field name="CullDistance">0</field>
		<field name="ResetInstanceWhenStarted">true</field>
		<field name="TriggerPostEffect">false</field>
		<field name="PostEffectContrastOffset">0</field>
		<complex name="PostEffectBrightnessOffset">0/0/0/*nonzero*</complex>
		<field name="PostEffectFadeInTime">0</field>
		<field name="PostEffectFadeOutTime">0</field>
		<field name="PostEffectSizeScale">1.0</field>
		<field name="PostEffectDistanceFallof">0.00999999977648</field>
		<field name="MoveEmitterInSpiral">false</field>
		<field name="ShootEmitterFromCamera">false</field>
		<field name="SpawnCompositeMeshPart">false</field>
		<field name="CompositeMeshPartIndex">-1</field>
		<field name="StartStop">true</field>
		<field name="Pause">false</field>
		<field ref="fx/weapons/muzzleflashes/specific/emitter_mec_lmg_3p/em_muzz_mec_lmg_firearm_3p_01/06d35577-bf07-4d54-be81-463e822f562c" name="Emitter" />
		<field name="SpawnProbability">1.0</field>
	</instance>
	<instance guid="7CF6B885-675B-49AE-9F9F-0D5665273F2B" type="Emitter.EmitterEntityData">
		<array name="Components" />
		<field name="Enumeration">0</field>
		<field name="Name" />
		<complex name="Transform">3.42285417787e-08/0/-0.999999940395/*nonzero*/0/1.0/0/*nonzero*/0.999999940395/0/3.42285417787e-08/*nonzero*/0/0.10000000149/0/*nonzero*</complex>
		<field name="MaxInstanceCount">30</field>
		<field name="CullDistance">0</field>
		<field name="ResetInstanceWhenStarted">true</field>
		<field name="TriggerPostEffect">false</field>
		<field name="PostEffectContrastOffset">0</field>
		<complex name="PostEffectBrightnessOffset">0/0/0/*nonzero*</complex>
		<field name="PostEffectFadeInTime">0</field>
		<field name="PostEffectFadeOutTime">0</field>
		<field name="PostEffectSizeScale">1.0</field>
		<field name="PostEffectDistanceFallof">0.00999999977648</field>
		<field name="MoveEmitterInSpiral">false</field>
		<field name="ShootEmitterFromCamera">false</field>
		<field name="SpawnCompositeMeshPart">false</field>
		<field name="CompositeMeshPartIndex">-1</field>
		<field name="StartStop">true</field>
		<field name="Pause">false</field>
		<field ref="fx/weapons/muzzleflashes/specific/emitter_mec_lmg_3p/em_muzz_mec_lmg_fire_3p_01/fc8a9a35-96a6-4da2-a3dd-3a4ebccb2e9a" name="Emitter" />
		<field name="SpawnProbability">1.0</field>
	</instance>
	<instance guid="C08CEB13-7183-4192-914E-8A4D839BD599" type="Emitter.EmitterEntityData">
		<array name="Components" />
		<field name="Enumeration">0</field>
		<field name="Name" />
		<complex name="Transform">3.61339459687e-07/-0.793636322021/0.608392000198/*nonzero*/0.999999761581/4.01954594054e-07/-5.96046341172e-08/*nonzero*/-1.82558011375e-07/0.608392059803/0.79363656044/*nonzero*/0/0.10000000149/0/*nonzero*</complex>
		<field name="MaxInstanceCount">30</field>
		<field name="CullDistance">0</field>
		<field name="ResetInstanceWhenStarted">true</field>
		<field name="TriggerPostEffect">false</field>
		<field name="PostEffectContrastOffset">0</field>
		<complex name="PostEffectBrightnessOffset">0/0/0/*nonzero*</complex>
		<field name="PostEffectFadeInTime">0</field>
		<field name="PostEffectFadeOutTime">0</field>
		<field name="PostEffectSizeScale">1.0</field>
		<field name="PostEffectDistanceFallof">0.00999999977648</field>
		<field name="MoveEmitterInSpiral">false</field>
		<field name="ShootEmitterFromCamera">false</field>
		<field name="SpawnCompositeMeshPart">false</field>
		<field name="CompositeMeshPartIndex">-1</field>
		<field name="StartStop">true</field>
		<field name="Pause">false</field>
		<field ref="fx/weapons/muzzleflashes/specific/emitter_mec_lmg_3p/em_muzz_mec_lmg_firearm_3p_02/5f4d9138-07ed-4b7c-89c0-3e90d150765f" name="Emitter" />
		<field name="SpawnProbability">1.0</field>
	</instance>
	<instance guid="C66B6435-0547-4AF0-9787-F0F1D5CCEE28" type="Emitter.EmitterEntityData">
		<array name="Components" />
		<field name="Enumeration">0</field>
		<field name="Name" />
		<complex name="Transform">0.522849798203/0.834274053574/-0.174970701337/*nonzero*/0.317348927259/6.81058736518e-07/0.948308646679/*nonzero*/0.791149497032/-0.551349699497/-0.264755576849/*nonzero*/0/0.10000000149/0/*nonzero*</complex>
		<field name="MaxInstanceCount">30</field>
		<field name="CullDistance">0</field>
		<field name="ResetInstanceWhenStarted">true</field>
		<field name="TriggerPostEffect">false</field>
		<field name="PostEffectContrastOffset">0</field>
		<complex name="PostEffectBrightnessOffset">0/0/0/*nonzero*</complex>
		<field name="PostEffectFadeInTime">0</field>
		<field name="PostEffectFadeOutTime">0</field>
		<field name="PostEffectSizeScale">1.0</field>
		<field name="PostEffectDistanceFallof">0.00999999977648</field>
		<field name="MoveEmitterInSpiral">false</field>
		<field name="ShootEmitterFromCamera">false</field>
		<field name="SpawnCompositeMeshPart">false</field>
		<field name="CompositeMeshPartIndex">-1</field>
		<field name="StartStop">true</field>
		<field name="Pause">false</field>
		<field ref="fx/weapons/muzzleflashes/specific/emitter_mec_lmg_3p/em_muzz_mec_lmg_firearm_3p_02/5f4d9138-07ed-4b7c-89c0-3e90d150765f" name="Emitter" />
		<field name="SpawnProbability">1.0</field>
	</instance>
	<instance guid="6FA21AA2-5727-4092-92A7-A7D79450DC3D" type="Emitter.EmitterEntityData">
		<array name="Components" />
		<field name="Enumeration">0</field>
		<field name="Name" />
		<complex name="Transform">-0.40142890811/0.70710670948/-0.582112014294/*nonzero*/-0.823230624199/5.62022592021e-07/0.567706823349/*nonzero*/0.401429653168/0.707106590271/0.582111954689/*nonzero*/0/0.10000000149/0/*nonzero*</complex>
		<field name="MaxInstanceCount">30</field>
		<field name="CullDistance">0</field>
		<field name="ResetInstanceWhenStarted">true</field>
		<field name="TriggerPostEffect">false</field>
		<field name="PostEffectContrastOffset">0</field>
		<complex name="PostEffectBrightnessOffset">0/0/0/*nonzero*</complex>
		<field name="PostEffectFadeInTime">0</field>
		<field name="PostEffectFadeOutTime">0</field>
		<field name="PostEffectSizeScale">1.0</field>
		<field name="PostEffectDistanceFallof">0.00999999977648</field>
		<field name="MoveEmitterInSpiral">false</field>
		<field name="ShootEmitterFromCamera">false</field>
		<field name="SpawnCompositeMeshPart">false</field>
		<field name="CompositeMeshPartIndex">-1</field>
		<field name="StartStop">true</field>
		<field name="Pause">false</field>
		<field ref="fx/weapons/muzzleflashes/specific/emitter_mec_lmg_3p/em_muzz_mec_lmg_firearm_3p_02/5f4d9138-07ed-4b7c-89c0-3e90d150765f" name="Emitter" />
		<field name="SpawnProbability">1.0</field>
	</instance>
	<instance guid="5B061730-00FA-4740-9009-186BCB4E7943" type="Emitter.EmitterEntityData">
		<array name="Components" />
		<field name="Enumeration">0</field>
		<field name="Name" />
		<complex name="Transform">0.372567683458/0.758584678173/-0.534548580647/*nonzero*/-0.820396006107/9.71562030827e-07/-0.571795225143/*nonzero*/-0.43375480175/0.651574134827/0.622340559959/*nonzero*/-3.72529029846e-09/0.0999999940395/-3.72529029846e-09/*nonzero*</complex>
		<field name="MaxInstanceCount">30</field>
		<field name="CullDistance">0</field>
		<field name="ResetInstanceWhenStarted">true</field>
		<field name="TriggerPostEffect">false</field>
		<field name="PostEffectContrastOffset">0</field>
		<complex name="PostEffectBrightnessOffset">0/0/0/*nonzero*</complex>
		<field name="PostEffectFadeInTime">0</field>
		<field name="PostEffectFadeOutTime">0</field>
		<field name="PostEffectSizeScale">1.0</field>
		<field name="PostEffectDistanceFallof">0.00999999977648</field>
		<field name="MoveEmitterInSpiral">false</field>
		<field name="ShootEmitterFromCamera">false</field>
		<field name="SpawnCompositeMeshPart">false</field>
		<field name="CompositeMeshPartIndex">-1</field>
		<field name="StartStop">true</field>
		<field name="Pause">false</field>
		<field ref="fx/weapons/muzzleflashes/specific/emitter_mec_lmg_3p/em_muzz_mec_lmg_firearm_3p_02/5f4d9138-07ed-4b7c-89c0-3e90d150765f" name="Emitter" />
		<field name="SpawnProbability">1.0</field>
	</instance>
	<instance guid="A13812BE-CEDA-4773-A504-4CE9CD9C07D8" type="Emitter.EmitterEntityData">
		<array name="Components" />
		<field name="Enumeration">0</field>
		<field name="Name" />
		<complex name="Transform">0.653399765491/0.732084333897/0.192668840289/*nonzero*/0.282831341028/3.30951138494e-07/-0.959169566631/*nonzero*/-0.702193081379/0.681213915348/-0.207056164742/*nonzero*/0/0.10000000149/0/*nonzero*</complex>
		<field name="MaxInstanceCount">30</field>
		<field name="CullDistance">0</field>
		<field name="ResetInstanceWhenStarted">true</field>
		<field name="TriggerPostEffect">false</field>
		<field name="PostEffectContrastOffset">0</field>
		<complex name="PostEffectBrightnessOffset">0/0/0/*nonzero*</complex>
		<field name="PostEffectFadeInTime">0</field>
		<field name="PostEffectFadeOutTime">0</field>
		<field name="PostEffectSizeScale">1.0</field>
		<field name="PostEffectDistanceFallof">0.00999999977648</field>
		<field name="MoveEmitterInSpiral">false</field>
		<field name="ShootEmitterFromCamera">false</field>
		<field name="SpawnCompositeMeshPart">false</field>
		<field name="CompositeMeshPartIndex">-1</field>
		<field name="StartStop">true</field>
		<field name="Pause">false</field>
		<field ref="fx/weapons/muzzleflashes/specific/emitter_mec_lmg_3p/em_muzz_mec_lmg_firearm_3p_02/5f4d9138-07ed-4b7c-89c0-3e90d150765f" name="Emitter" />
		<field name="SpawnProbability">1.0</field>
	</instance>
</partition>
