<?xml version="1.0"?>
<partition guid="5C14132B-30E7-4B55-A428-C2831E1121AB" primaryInstance="659CB78B-9FCE-4E96-BC48-5331B3E8265B" exportMode="All">
	<instance guid="C9A7EB60-6013-4AED-93AE-D08601C4ED1F" type="Entity.EffectAsset">
		<field name="Name">FX/Explostions/Detonations/Specific/FX_Detonation_TruckInMine_BigSmokeTrailsOnly</field>
		<field name="MemoryReportGroup">MemoryReportGroup_default</field>
		<array name="Objects" />
		<array name="EventConnections" />
		<array name="DataConnections" />
		<field ref="null" name="Descriptor" />
		<field ref="659cb78b-9fce-4e96-bc48-5331b3e8265b" name="Object" />
	</instance>
	<instance guid="659CB78B-9FCE-4E96-BC48-5331B3E8265B" type="Entity.EffectEntityData" id="FX_Detonation_TruckInMine_BigSmokeTrailsOnly">
		<array name="Components">
			<item ref="7939e950-e7af-47eb-9cfa-c84afc104d98" />
			<item ref="d8a3e5ef-76ba-46f3-9e38-399dd3ca6893" />
			<item ref="76ff7e66-901b-4af0-ac1a-4ed057516166" />
			<item ref="f7418863-6f17-4979-a5d9-a0247ed698a8" />
			<item ref="da25a2cb-b982-4b66-a283-bda15aee6386" />
		</array>
		<field name="Enumeration">0</field>
		<field name="Name" />
		<complex name="Transform">1.0/0/0/*nonzero*/0/1.0/0/*nonzero*/0/0/1.0/*nonzero*/0/0/0/*nonzero*</complex>
		<field name="MaxInstanceCount">10</field>
		<field name="CullDistance">0</field>
		<field name="ResetInstanceWhenStarted">true</field>
		<field name="TriggerPostEffect">false</field>
		<field name="PostEffectContrastOffset">5.0</field>
		<complex name="PostEffectBrightnessOffset">5.0/5.0/5.0/*nonzero*</complex>
		<field name="PostEffectFadeInTime">0.10000000149</field>
		<field name="PostEffectFadeOutTime">1.0</field>
		<field name="PostEffectSizeScale">15.0</field>
		<field name="PostEffectDistanceFallof">0.00999999977648</field>
	</instance>
	<instance guid="7939E950-E7AF-47EB-9CFA-C84AFC104D98" type="Emitter.EmitterEntityData">
		<array name="Components" />
		<field name="Enumeration">0</field>
		<field name="Name" />
		<complex name="Transform">0.998694241047/0.00445244647563/0.0508914403617/*nonzero*/-0.0505904145539/0.224599063396/0.973136901855/*nonzero*/-0.00709732901305/-0.974440932274/0.224531069398/*nonzero*/-1.54437232018/-4.65661287308e-09/0.916729807854/*nonzero*</complex>
		<field name="MaxInstanceCount">30</field>
		<field name="CullDistance">0</field>
		<field name="ResetInstanceWhenStarted">true</field>
		<field name="TriggerPostEffect">false</field>
		<field name="PostEffectContrastOffset">0</field>
		<complex name="PostEffectBrightnessOffset">0/0/0/*nonzero*</complex>
		<field name="PostEffectFadeInTime">0</field>
		<field name="PostEffectFadeOutTime">0</field>
		<field name="PostEffectSizeScale">1.0</field>
		<field name="PostEffectDistanceFallof">0.00999999977648</field>
		<field name="MoveEmitterInSpiral">false</field>
		<field name="ShootEmitterFromCamera">false</field>
		<field name="SpawnCompositeMeshPart">false</field>
		<field name="CompositeMeshPartIndex">-1</field>
		<field name="StartStop">true</field>
		<field name="Pause">false</field>
		<field ref="fx/explostions/detonations/specific/emitter_truckinmine/em_detonation_truckinmine_smoketrailbig_01_parent/5f48f182-e03f-44d9-bdca-61b3ad0e6837" name="Emitter" />
		<field name="SpawnProbability">1.0</field>
	</instance>
	<instance guid="D8A3E5EF-76BA-46F3-9E38-399DD3CA6893" type="Emitter.EmitterEntityData">
		<array name="Components" />
		<field name="Enumeration">0</field>
		<field name="Name" />
		<complex name="Transform">0.993673563004/-0.00978824496269/-0.111879564822/*nonzero*/0.111724697053/0.187462449074/0.975897073746/*nonzero*/0.011420885101/-0.982222855091/0.187370061874/*nonzero*/1.22247290611/0.334054887295/0.481896340847/*nonzero*</complex>
		<field name="MaxInstanceCount">30</field>
		<field name="CullDistance">0</field>
		<field name="ResetInstanceWhenStarted">true</field>
		<field name="TriggerPostEffect">false</field>
		<field name="PostEffectContrastOffset">0</field>
		<complex name="PostEffectBrightnessOffset">0/0/0/*nonzero*</complex>
		<field name="PostEffectFadeInTime">0</field>
		<field name="PostEffectFadeOutTime">0</field>
		<field name="PostEffectSizeScale">1.0</field>
		<field name="PostEffectDistanceFallof">0.00999999977648</field>
		<field name="MoveEmitterInSpiral">false</field>
		<field name="ShootEmitterFromCamera">false</field>
		<field name="SpawnCompositeMeshPart">false</field>
		<field name="CompositeMeshPartIndex">-1</field>
		<field name="StartStop">true</field>
		<field name="Pause">false</field>
		<field ref="fx/explostions/detonations/specific/emitter_truckinmine/em_detonation_truckinmine_smoketrailbig_01_parent/5f48f182-e03f-44d9-bdca-61b3ad0e6837" name="Emitter" />
		<field name="SpawnProbability">1.0</field>
	</instance>
	<instance guid="76FF7E66-901B-4AF0-AC1A-4ED057516166" type="Emitter.EmitterEntityData">
		<array name="Components" />
		<field name="Enumeration">0</field>
		<field name="Name" />
		<complex name="Transform">0.996140837669/0.0274362917989/0.0833710432053/*nonzero*/-0.0876300185919/0.257372528315/0.962330281734/*nonzero*/0.00494536710903/-0.965922236443/0.258783519268/*nonzero*/-0.720088779926/-6.6589564085e-08/-2.64488744736/*nonzero*</complex>
		<field name="MaxInstanceCount">30</field>
		<field name="CullDistance">0</field>
		<field name="ResetInstanceWhenStarted">true</field>
		<field name="TriggerPostEffect">false</field>
		<field name="PostEffectContrastOffset">0</field>
		<complex name="PostEffectBrightnessOffset">0/0/0/*nonzero*</complex>
		<field name="PostEffectFadeInTime">0</field>
		<field name="PostEffectFadeOutTime">0</field>
		<field name="PostEffectSizeScale">1.0</field>
		<field name="PostEffectDistanceFallof">0.00999999977648</field>
		<field name="MoveEmitterInSpiral">false</field>
		<field name="ShootEmitterFromCamera">false</field>
		<field name="SpawnCompositeMeshPart">false</field>
		<field name="CompositeMeshPartIndex">-1</field>
		<field name="StartStop">true</field>
		<field name="Pause">false</field>
		<field ref="fx/explostions/detonations/specific/emitter_truckinmine/em_detonation_truckinmine_smoketrailbig_01_parent/5f48f182-e03f-44d9-bdca-61b3ad0e6837" name="Emitter" />
		<field name="SpawnProbability">1.0</field>
	</instance>
	<instance guid="F7418863-6F17-4979-A5D9-A0247ED698A8" type="Emitter.EmitterEntityData">
		<array name="Components" />
		<field name="Enumeration">0</field>
		<field name="Name" />
		<complex name="Transform">0.995320558548/-0.0155394524336/-0.0953704789281/*nonzero*/0.0959093868732/0.279033213854/0.955479562283/*nonzero*/0.0117638856173/-0.960155367851/0.279217869043/*nonzero*/1.39129018784/-1.58324837685e-08/-4.43016242981/*nonzero*</complex>
		<field name="MaxInstanceCount">30</field>
		<field name="CullDistance">0</field>
		<field name="ResetInstanceWhenStarted">true</field>
		<field name="TriggerPostEffect">false</field>
		<field name="PostEffectContrastOffset">0</field>
		<complex name="PostEffectBrightnessOffset">0/0/0/*nonzero*</complex>
		<field name="PostEffectFadeInTime">0</field>
		<field name="PostEffectFadeOutTime">0</field>
		<field name="PostEffectSizeScale">1.0</field>
		<field name="PostEffectDistanceFallof">0.00999999977648</field>
		<field name="MoveEmitterInSpiral">false</field>
		<field name="ShootEmitterFromCamera">false</field>
		<field name="SpawnCompositeMeshPart">false</field>
		<field name="CompositeMeshPartIndex">-1</field>
		<field name="StartStop">true</field>
		<field name="Pause">false</field>
		<field ref="fx/explostions/detonations/specific/emitter_truckinmine/em_detonation_truckinmine_smoketrailbig_01_parent/5f48f182-e03f-44d9-bdca-61b3ad0e6837" name="Emitter" />
		<field name="SpawnProbability">1.0</field>
	</instance>
	<instance guid="DA25A2CB-B982-4B66-A283-BDA15AEE6386" type="Emitter.EmitterEntityData">
		<array name="Components" />
		<field name="Enumeration">0</field>
		<field name="Name" />
		<complex name="Transform">0.993795871735/0.022919241339/0.108832277358/*nonzero*/-0.111108586192/0.160919651389/0.980693280697/*nonzero*/0.00496350694448/-0.986701130867/0.162467807531/*nonzero*/5.12227416039e-09/0.159810468554/2.58287477493/*nonzero*</complex>
		<field name="MaxInstanceCount">30</field>
		<field name="CullDistance">0</field>
		<field name="ResetInstanceWhenStarted">true</field>
		<field name="TriggerPostEffect">false</field>
		<field name="PostEffectContrastOffset">0</field>
		<complex name="PostEffectBrightnessOffset">0/0/0/*nonzero*</complex>
		<field name="PostEffectFadeInTime">0</field>
		<field name="PostEffectFadeOutTime">0</field>
		<field name="PostEffectSizeScale">1.0</field>
		<field name="PostEffectDistanceFallof">0.00999999977648</field>
		<field name="MoveEmitterInSpiral">false</field>
		<field name="ShootEmitterFromCamera">false</field>
		<field name="SpawnCompositeMeshPart">false</field>
		<field name="CompositeMeshPartIndex">-1</field>
		<field name="StartStop">true</field>
		<field name="Pause">false</field>
		<field ref="fx/explostions/detonations/specific/emitter_truckinmine/em_detonation_truckinmine_smoketrailbig_01_parent/5f48f182-e03f-44d9-bdca-61b3ad0e6837" name="Emitter" />
		<field name="SpawnProbability">1.0</field>
	</instance>
</partition>
