<?xml version="1.0"?>
<partition guid="5E86F2C4-9DF1-4A23-9B30-5816FF47E34C" primaryInstance="2F686E20-2C0D-435D-A19E-7A74F2A9105D" exportMode="All">
	<instance guid="2F686E20-2C0D-435D-A19E-7A74F2A9105D" type="Entity.ObjectBlueprint" id="Tunnel_01">
		<field name="Name">Objects/_SNOW/SP02_Tunnel_01/Tunnel_01</field>
		<field name="MemoryReportGroup">MemoryReportGroup_default</field>
		<array name="Objects" />
		<array name="EventConnections" />
		<array name="DataConnections" />
		<field ref="null" name="Descriptor" />
		<field ref="060a4d32-2c01-4511-8962-fe620b84b97a" name="Object" />
	</instance>
	<instance guid="060A4D32-2C01-4511-8962-FE620B84B97A" type="GameSharedResources.StaticModelEntityData">
		<array name="Components" />
		<field name="Enumeration">0</field>
		<field name="Name">Objects/_SNOW/SP02_Tunnel_01/Tunnel_01</field>
		<complex name="Transform">1.0/0/0/*zero*/0/1.0/0/*zero*/0/0/1.0/*zero*/0/0/0/*zero*</complex>
		<field name="Enabled">true</field>
		<field ref="b2659166-e2ac-42cf-836d-729af0a19e99" name="PhysicsData" />
		<field name="Material">Concrete_indestructible</field>
		<field name="IsObsolete">false</field>
		<field ref="null" name="ReplacementObject" />
		<array name="ObjectSets" />
		<array name="PartLinks" />
		<field ref="null" name="DetailedTreeBanger" />
		<field ref="null" name="TreeBanger" />
		<field ref="objects/_snow/sp02_tunnel_01/tunnel_01_mesh/0b0e01b3-b572-11dd-93a7-a3d6bfc37460" name="Mesh" />
		<field ref="null" name="AnimatedMesh" />
		<field name="RequiresMesh">true</field>
		<field ref="null" name="MeshShaderSet" />
		<field ref="null" name="PhysicsMaterialSet" />
		<field name="DoNotCastShadow">false</field>
		<field name="LightMapEnable">false</field>
		<field name="LightMapResolution">512</field>
		<field name="IrradianceVolumeReceiver">false</field>
		<field name="DestroyRuinPartPercentage">75.0</field>
		<field name="AboutToBeDestroyedTime">0</field>
		<field name="ManyPartsDestroyedPercentage">80.0</field>
		<array name="VisualTransformModifiers" />
		<array name="AnimTrees" />
		<field ref="null" name="Animation" />
		<array name="AnimationVariations" />
		<field name="StartAnimationOnCreation">true</field>
		<field name="LoopAnimation">false</field>
		<field name="AnimationCullDistance">-1.0</field>
		<complex name="BoundingBoxModifier">1.0/1.0/1.0/*zero*</complex>
		<field ref="null" name="EdgeModelGenerationSettings" />
		<field ref="null" name="EdgeModels" />
		<field ref="null" name="EdgeModelLodBox" />
		<field name="NeedsDetailedPathfinding">false</field>
		<field name="ExcludeFromPathfinding">false</field>
		<field name="ForbidPathfinding">false</field>
		<field name="LocalPathfinding">false</field>
		<field name="AllowPathdataSeeds">false</field>
		<field name="DisablePathfinding">PdtNever</field>
		<field name="AllowExplosiveTracking">false</field>
		<array name="SkinnedMeshTransforms"></array>
	</instance>
	<instance guid="B2659166-E2AC-42CF-836D-729AF0A19E99" type="Physics.PhysicsEntityData">
		<field ref="objects/_snow/sp02_tunnel_01/tunnel_01_havok/0c0fe153-b572-11dd-b318-e532f903d50a" name="Asset" />
		<field ref="null" name="FloatPhysics" />
		<field name="Mass">-1.0</field>
		<field name="AllowZeroMayaMass">false</field>
		<complex name="InertiaModifier">1.0/1.0/1.0/*nonzero*</complex>
		<field name="Friction">-1.0</field>
		<field name="Restitution">-1.0</field>
		<field ref="null" name="Proximity" />
	</instance>
	<instance guid="254095F3-9CCC-4A77-9E13-C844B729DC77" type="Entity.ObjectSet">
		<array name="Components">
			<item ref="f5251f5a-ec5c-4fa6-823e-c496087ea0fc" />
			<item ref="140c9fbe-9d2c-4e1c-8f0a-5ce6e0698f96" />
			<item ref="e0b83c1d-0b84-4610-8019-9f3156bfa8a8" />
			<item ref="46dba4c7-26e1-4fcd-b6b0-b67dd52f2fdc" />
			<item ref="c915a0b6-4bce-4927-993c-a55aa359e65c" />
			<item ref="6dc5c694-3914-456f-bd07-24f00c285d8d" />
			<item ref="431bf950-db04-4656-b052-486f232d83da" />
			<item ref="beddb7e9-5e8a-4bf6-9d70-7c29db425fb5" />
			<item ref="b4a54bf0-52cd-4f09-a00b-96c663e1240c" />
			<item ref="873ead59-a3b1-4863-8170-9e804532b398" />
			<item ref="3eb69ca6-5587-4924-bc8e-473271f540b0" />
			<item ref="c75438a7-4ffa-4287-adc4-f3626b973e5a" />
			<item ref="39b48c09-ed88-42c6-9086-567d8ce1b361" />
			<item ref="a3c53dca-cc97-4b48-8d52-13192f701b15" />
			<item ref="62233bdc-9af5-40a2-8e3a-9d204f8e2285" />
			<item ref="a7fc5a52-e854-4e93-b980-a3325d84c9af" />
			<item ref="00f5d31a-992f-483b-91a1-654b4274c81f" />
		</array>
		<field name="Enumeration">0</field>
		<field name="Name" />
		<complex name="Transform">1.0/0/0/*nonzero*/0/1.0/0/*nonzero*/0/0/1.0/*nonzero*/0/0/0/*nonzero*</complex>
		<field name="Enabled">true</field>
		<array name="Connections" />
	</instance>
	<instance guid="F5251F5A-EC5C-4FA6-823E-C496087EA0FC" type="Entity.ReferenceObjectData">
		<array name="Components" />
		<field name="Enumeration">0</field>
		<field name="Name" />
		<complex name="Transform">0.51506114006/1.75041897643e-10/0.857153356075/*nonzero*/-9.01572705381e-11/1.0/-1.50037773872e-10/*nonzero*/-0.857153356075/-8.86406744412e-19/0.51506114006/*nonzero*/161.13873291/-15.6259708405/151.362640381/*nonzero*</complex>
		<field ref="objects/_snow/sp02_tunnel_01/tunnel_01_pillar/6dbe7b22-fc90-434a-9454-cbd496f7a557" name="ReferencedObject" />
		<array name="ObjectSets" />
		<array name="VisualTransformModifiers" />
		<field ref="null" name="MeshShaderSet" />
		<field ref="null" name="PhysicsMaterialSet" />
		<field name="OverrideScreenAreaCulling">false</field>
		<field name="IsInObjectSet">false</field>
	</instance>
	<instance guid="140C9FBE-9D2C-4E1C-8F0A-5CE6E0698F96" type="Entity.ReferenceObjectData">
		<array name="Components" />
		<field name="Enumeration">0</field>
		<field name="Name" />
		<complex name="Transform">0.5159689188/5.09420783334e-10/0.856607198715/*nonzero*/-2.62845245569e-10/1.0/-4.36373548407e-10/*nonzero*/-0.856607198715/-1.80670688355e-17/0.5159689188/*nonzero*/156.967483521/-15.7738895416/144.438613892/*nonzero*</complex>
		<field ref="objects/_snow/sp02_tunnel_01/tunnel_01_pillar/6dbe7b22-fc90-434a-9454-cbd496f7a557" name="ReferencedObject" />
		<array name="ObjectSets" />
		<array name="VisualTransformModifiers" />
		<field ref="null" name="MeshShaderSet" />
		<field ref="null" name="PhysicsMaterialSet" />
		<field name="OverrideScreenAreaCulling">false</field>
		<field name="IsInObjectSet">false</field>
	</instance>
	<instance guid="E0B83C1D-0B84-4610-8019-9F3156BFA8A8" type="Entity.ReferenceObjectData">
		<array name="Components" />
		<field name="Enumeration">0</field>
		<field name="Name" />
		<complex name="Transform">0.514362215996/-8.68049729319e-11/0.857572972775/*nonzero*/4.46491940642e-11/1.0/7.44415987186e-11/*nonzero*/-0.857572972775/1.77814094556e-18/0.514362215996/*nonzero*/152.798583984/-15.9200210571/137.5105896/*nonzero*</complex>
		<field ref="objects/_snow/sp02_tunnel_01/tunnel_01_pillar/6dbe7b22-fc90-434a-9454-cbd496f7a557" name="ReferencedObject" />
		<array name="ObjectSets" />
		<array name="VisualTransformModifiers" />
		<field ref="null" name="MeshShaderSet" />
		<field ref="null" name="PhysicsMaterialSet" />
		<field name="OverrideScreenAreaCulling">false</field>
		<field name="IsInObjectSet">false</field>
	</instance>
	<instance guid="46DBA4C7-26E1-4FCD-B6B0-B67DD52F2FDC" type="Entity.ReferenceObjectData">
		<array name="Components" />
		<field name="Enumeration">0</field>
		<field name="Name" />
		<complex name="Transform">0.512023031712/-8.95010593416e-11/0.858971655369/*nonzero*/4.58265925207e-11/1.0/7.68788852024e-11/*nonzero*/-0.858971655369/-8.85056372062e-19/0.512023031712/*nonzero*/148.631072998/-16.0643749237/130.581665039/*nonzero*</complex>
		<field ref="objects/_snow/sp02_tunnel_01/tunnel_01_pillar/6dbe7b22-fc90-434a-9454-cbd496f7a557" name="ReferencedObject" />
		<array name="ObjectSets" />
		<array name="VisualTransformModifiers" />
		<field ref="null" name="MeshShaderSet" />
		<field ref="null" name="PhysicsMaterialSet" />
		<field name="OverrideScreenAreaCulling">false</field>
		<field name="IsInObjectSet">false</field>
	</instance>
	<instance guid="C915A0B6-4BCE-4927-993C-A55AA359E65C" type="Entity.ReferenceObjectData">
		<array name="Components" />
		<field name="Enumeration">0</field>
		<field name="Name" />
		<complex name="Transform">0.513731718063/-2.03263267329e-10/0.857950806618/*nonzero*/1.04422775982e-10/1.0/1.74389905294e-10/*nonzero*/-0.857950806618/5.31801033255e-19/0.513731718063/*nonzero*/144.458023071/-16.2150363922/123.658782959/*nonzero*</complex>
		<field ref="objects/_snow/sp02_tunnel_01/tunnel_01_pillar/6dbe7b22-fc90-434a-9454-cbd496f7a557" name="ReferencedObject" />
		<array name="ObjectSets" />
		<array name="VisualTransformModifiers" />
		<field ref="null" name="MeshShaderSet" />
		<field ref="null" name="PhysicsMaterialSet" />
		<field name="OverrideScreenAreaCulling">false</field>
		<field name="IsInObjectSet">false</field>
	</instance>
	<instance guid="6DC5C694-3914-456F-BD07-24F00C285D8D" type="Entity.ReferenceObjectData">
		<array name="Components" />
		<field name="Enumeration">0</field>
		<field name="Name" />
		<complex name="Transform">0.563834965229/-6.14884542905e-18/0.82588738203/*nonzero*/3.46693335687e-18/1.0/5.07825492714e-18/*nonzero*/-0.82588738203/-6.18744283605e-27/0.563834965229/*nonzero*/139.97706604/-16.3602924347/116.969352722/*nonzero*</complex>
		<field ref="objects/_snow/sp02_tunnel_01/tunnel_01_pillar/6dbe7b22-fc90-434a-9454-cbd496f7a557" name="ReferencedObject" />
		<array name="ObjectSets" />
		<array name="VisualTransformModifiers" />
		<field ref="null" name="MeshShaderSet" />
		<field ref="null" name="PhysicsMaterialSet" />
		<field name="OverrideScreenAreaCulling">false</field>
		<field name="IsInObjectSet">false</field>
	</instance>
	<instance guid="431BF950-DB04-4656-B052-486F232D83DA" type="Entity.ReferenceObjectData">
		<array name="Components" />
		<field name="Enumeration">0</field>
		<field name="Name" />
		<complex name="Transform">0.563551187515/1.78758254017e-19/0.826081097126/*nonzero*/-1.00739431671e-19/1.0/-1.47668812866e-19/*nonzero*/-0.826081097126/-7.09419761689e-28/0.563551187515/*nonzero*/135.395324707/-16.4715652466/110.307556152/*nonzero*</complex>
		<field ref="objects/_snow/sp02_tunnel_01/tunnel_01_pillar/6dbe7b22-fc90-434a-9454-cbd496f7a557" name="ReferencedObject" />
		<array name="ObjectSets" />
		<array name="VisualTransformModifiers" />
		<field ref="null" name="MeshShaderSet" />
		<field ref="null" name="PhysicsMaterialSet" />
		<field name="OverrideScreenAreaCulling">false</field>
		<field name="IsInObjectSet">false</field>
	</instance>
	<instance guid="BEDDB7E9-5E8A-4BF6-9D70-7C29DB425FB5" type="Entity.ReferenceObjectData">
		<array name="Components" />
		<field name="Enumeration">0</field>
		<field name="Name" />
		<complex name="Transform">0.568763494492/1.89265625459e-28/0.822501003742/*nonzero*/-1.0764736257e-28/1.0/-1.55671196105e-28/*nonzero*/-0.822501003742/4.21151307563e-36/0.568763494492/*nonzero*/130.772491455/-16.5602111816/103.601387024/*nonzero*</complex>
		<field ref="objects/_snow/sp02_tunnel_01/tunnel_01_pillar/6dbe7b22-fc90-434a-9454-cbd496f7a557" name="ReferencedObject" />
		<array name="ObjectSets" />
		<array name="VisualTransformModifiers" />
		<field ref="null" name="MeshShaderSet" />
		<field ref="null" name="PhysicsMaterialSet" />
		<field name="OverrideScreenAreaCulling">false</field>
		<field name="IsInObjectSet">false</field>
	</instance>
	<instance guid="B4A54BF0-52CD-4F09-A00B-96C663E1240C" type="Entity.ReferenceObjectData">
		<array name="Components" />
		<field name="Enumeration">0</field>
		<field name="Name" />
		<complex name="Transform">0.564807236195/0/0.825222790241/*nonzero*/0/1.0/0/*nonzero*/-0.825222790241/0/0.564807236195/*nonzero*/126.193740845/-16.6736717224/96.9337158203/*nonzero*</complex>
		<field ref="objects/_snow/sp02_tunnel_01/tunnel_01_pillar/6dbe7b22-fc90-434a-9454-cbd496f7a557" name="ReferencedObject" />
		<array name="ObjectSets" />
		<array name="VisualTransformModifiers" />
		<field ref="null" name="MeshShaderSet" />
		<field ref="null" name="PhysicsMaterialSet" />
		<field name="OverrideScreenAreaCulling">false</field>
		<field name="IsInObjectSet">false</field>
	</instance>
	<instance guid="873EAD59-A3B1-4863-8170-9E804532B398" type="Entity.ReferenceObjectData">
		<array name="Components" />
		<field name="Enumeration">0</field>
		<field name="Name" />
		<complex name="Transform">0.566674470901/0/0.823941707611/*nonzero*/0/1.0/0/*nonzero*/-0.823941707611/0/0.566674470901/*nonzero*/121.610717773/-16.7829189301/90.2755661011/*nonzero*</complex>
		<field ref="objects/_snow/sp02_tunnel_01/tunnel_01_pillar/6dbe7b22-fc90-434a-9454-cbd496f7a557" name="ReferencedObject" />
		<array name="ObjectSets" />
		<array name="VisualTransformModifiers" />
		<field ref="null" name="MeshShaderSet" />
		<field ref="null" name="PhysicsMaterialSet" />
		<field name="OverrideScreenAreaCulling">false</field>
		<field name="IsInObjectSet">false</field>
	</instance>
	<instance guid="3EB69CA6-5587-4924-BC8E-473271F540B0" type="Entity.ReferenceObjectData">
		<array name="Components" />
		<field name="Enumeration">0</field>
		<field name="Name" />
		<complex name="Transform">0.583369493484/0/0.812206804752/*nonzero*/0/1.0/0/*nonzero*/-0.812206804752/0/0.583369493484/*nonzero*/116.908149719/-16.917388916/83.7156600952/*nonzero*</complex>
		<field ref="objects/_snow/sp02_tunnel_01/tunnel_01_pillar/6dbe7b22-fc90-434a-9454-cbd496f7a557" name="ReferencedObject" />
		<array name="ObjectSets" />
		<array name="VisualTransformModifiers" />
		<field ref="null" name="MeshShaderSet" />
		<field ref="null" name="PhysicsMaterialSet" />
		<field name="OverrideScreenAreaCulling">false</field>
		<field name="IsInObjectSet">false</field>
	</instance>
	<instance guid="C75438A7-4FFA-4287-ADC4-F3626B973E5A" type="Entity.ReferenceObjectData">
		<array name="Components" />
		<field name="Enumeration">0</field>
		<field name="Name" />
		<complex name="Transform">0.59011733532/0/0.807317435741/*nonzero*/0/1.0/0/*nonzero*/-0.807317435741/0/0.59011733532/*nonzero*/112.155212402/-17.0650043488/77.1838912964/*nonzero*</complex>
		<field ref="objects/_snow/sp02_tunnel_01/tunnel_01_pillar/6dbe7b22-fc90-434a-9454-cbd496f7a557" name="ReferencedObject" />
		<array name="ObjectSets" />
		<array name="VisualTransformModifiers" />
		<field ref="null" name="MeshShaderSet" />
		<field ref="null" name="PhysicsMaterialSet" />
		<field name="OverrideScreenAreaCulling">false</field>
		<field name="IsInObjectSet">false</field>
	</instance>
	<instance guid="39B48C09-ED88-42C6-9086-567D8CE1B361" type="Entity.ReferenceObjectData">
		<array name="Components" />
		<field name="Enumeration">0</field>
		<field name="Name" />
		<complex name="Transform">0.589932203293/0/0.807452738285/*nonzero*/0/1.0/0/*nonzero*/-0.807452738285/0/0.589932203293/*nonzero*/107.40802002/-17.2126178741/70.64012146/*nonzero*</complex>
		<field ref="objects/_snow/sp02_tunnel_01/tunnel_01_pillar/6dbe7b22-fc90-434a-9454-cbd496f7a557" name="ReferencedObject" />
		<array name="ObjectSets" />
		<array name="VisualTransformModifiers" />
		<field ref="null" name="MeshShaderSet" />
		<field ref="null" name="PhysicsMaterialSet" />
		<field name="OverrideScreenAreaCulling">false</field>
		<field name="IsInObjectSet">false</field>
	</instance>
	<instance guid="A3C53DCA-CC97-4B48-8D52-13192F701B15" type="Entity.ReferenceObjectData">
		<array name="Components" />
		<field name="Enumeration">0</field>
		<field name="Name" />
		<complex name="Transform">0.585680305958/0/0.810542106628/*nonzero*/0/1.0/0/*nonzero*/-0.810542106628/0/0.585680305958/*nonzero*/102.664176941/-17.3602352142/64.0893096924/*nonzero*</complex>
		<field ref="objects/_snow/sp02_tunnel_01/tunnel_01_pillar/6dbe7b22-fc90-434a-9454-cbd496f7a557" name="ReferencedObject" />
		<array name="ObjectSets" />
		<array name="VisualTransformModifiers" />
		<field ref="null" name="MeshShaderSet" />
		<field ref="null" name="PhysicsMaterialSet" />
		<field name="OverrideScreenAreaCulling">false</field>
		<field name="IsInObjectSet">false</field>
	</instance>
	<instance guid="62233BDC-9AF5-40A2-8E3A-9D204F8E2285" type="Entity.ReferenceObjectData">
		<array name="Components" />
		<field name="Enumeration">0</field>
		<field name="Name" />
		<complex name="Transform">0.587209820747/0/0.809434711933/*nonzero*/0/1.0/0/*nonzero*/-0.809434711933/0/0.587209820747/*nonzero*/97.9155502319/-17.507856369/57.5485115051/*nonzero*</complex>
		<field ref="objects/_snow/sp02_tunnel_01/tunnel_01_pillar/6dbe7b22-fc90-434a-9454-cbd496f7a557" name="ReferencedObject" />
		<array name="ObjectSets" />
		<array name="VisualTransformModifiers" />
		<field ref="null" name="MeshShaderSet" />
		<field ref="null" name="PhysicsMaterialSet" />
		<field name="OverrideScreenAreaCulling">false</field>
		<field name="IsInObjectSet">false</field>
	</instance>
	<instance guid="A7FC5A52-E854-4E93-B980-A3325D84C9AF" type="Entity.ReferenceObjectData">
		<array name="Components" />
		<field name="Enumeration">0</field>
		<field name="Name" />
		<complex name="Transform">0.616760671139/0/0.787150681019/*nonzero*/0/1.0/0/*nonzero*/-0.787150681019/0/0.616760671139/*nonzero*/92.9464263916/-17.6307945251/51.1294746399/*nonzero*</complex>
		<field ref="objects/_snow/sp02_tunnel_01/tunnel_01_pillar/6dbe7b22-fc90-434a-9454-cbd496f7a557" name="ReferencedObject" />
		<array name="ObjectSets" />
		<array name="VisualTransformModifiers" />
		<field ref="null" name="MeshShaderSet" />
		<field ref="null" name="PhysicsMaterialSet" />
		<field name="OverrideScreenAreaCulling">false</field>
		<field name="IsInObjectSet">false</field>
	</instance>
	<instance guid="00F5D31A-992F-483B-91A1-654B4274C81F" type="Entity.ReferenceObjectData">
		<array name="Components" />
		<field name="Enumeration">0</field>
		<field name="Name" />
		<complex name="Transform">0.615748822689/0/0.787942409515/*nonzero*/0/1.0/0/*nonzero*/-0.787942409515/0/0.615748822689/*nonzero*/87.9457244873/-17.7381572723/44.7755126953/*nonzero*</complex>
		<field ref="objects/_snow/sp02_tunnel_01/tunnel_01_pillar/6dbe7b22-fc90-434a-9454-cbd496f7a557" name="ReferencedObject" />
		<array name="ObjectSets" />
		<array name="VisualTransformModifiers" />
		<field ref="null" name="MeshShaderSet" />
		<field ref="null" name="PhysicsMaterialSet" />
		<field name="OverrideScreenAreaCulling">false</field>
		<field name="IsInObjectSet">false</field>
	</instance>
	<instance guid="8D825557-085B-4D30-828B-115E1679D7C7" type="Entity.ObjectSet">
		<array name="Components">
			<item ref="19879434-c369-412d-8f19-9dfdd916280f" />
			<item ref="6e117827-2f1c-431f-864f-d3add85646aa" />
			<item ref="ac4be41c-a116-4736-a3b8-d1343b6865f7" />
			<item ref="81f9bb38-c074-43c9-8223-bcaaca3d4738" />
			<item ref="4b647ce0-1447-4c03-8691-7175f7eddc2d" />
			<item ref="89d6f2d5-9b6b-48d6-8eea-a1b72dce7933" />
			<item ref="2aaf8d4d-c8c7-454b-9971-83d6b6207917" />
			<item ref="1a18f452-1469-484c-b9e2-59619c0a4a29" />
			<item ref="b773fc23-b18c-41b1-9afc-526105c3912d" />
			<item ref="13226c55-00be-469d-a1ce-ff95ae8da29a" />
			<item ref="9a7cdcc8-7ddc-47d9-b36d-58cc088c5174" />
			<item ref="84ca6b53-01e2-4558-bb68-9c70a3cc3de0" />
			<item ref="8819fcb1-90d6-4bc0-a385-38b2fa0e4ce8" />
			<item ref="b1ba3099-50fb-40d7-ba4b-6a683229e43e" />
			<item ref="de0c1004-b214-4734-b815-9c517571c32a" />
			<item ref="b258b77f-8373-4ce8-8f3b-9e5cd3f10d0a" />
			<item ref="ef337c6a-c8e7-47fd-8aa0-3b456396d30c" />
			<item ref="85d0ff97-6cb2-4be2-97e1-29f5f5aa05cb" />
			<item ref="f7742a66-e007-4ded-b88c-d3acc35872cd" />
			<item ref="4a1210bf-07c9-4636-809c-06fbb579532a" />
			<item ref="36a5dbdf-3300-4ba5-99d0-aa8785daba47" />
			<item ref="b7fee3cc-ff7f-4e98-ba97-3063e3ba99e8" />
			<item ref="b7b24603-c9b5-4ee1-b549-a1c3d8ba98de" />
			<item ref="3d4fa371-9e21-4eba-a324-b3c367d577d7" />
			<item ref="fff87329-b65f-4791-881a-d6fb12e34263" />
		</array>
		<field name="Enumeration">0</field>
		<field name="Name" />
		<complex name="Transform">1.0/0/0/*nonzero*/0/1.0/0/*nonzero*/0/0/1.0/*nonzero*/0/0/0/*nonzero*</complex>
		<field name="Enabled">true</field>
		<array name="Connections" />
	</instance>
	<instance guid="19879434-C369-412D-8F19-9DFDD916280F" type="Entity.ReferenceObjectData">
		<array name="Components" />
		<field name="Enumeration">0</field>
		<field name="Name" />
		<complex name="Transform">0.747665166855/4.67569980477e-20/0.664075791836/*nonzero*/-3.49585816975e-20/1.0/-3.10501953085e-20/*nonzero*/-0.664075791836/-2.64886698984e-28/0.747665166855/*nonzero*/-16.5654678345/-20.2907371521/-67.560295105/*nonzero*</complex>
		<field ref="objects/_snow/sp02_tunnel_01/tunnel_01_pillar/6dbe7b22-fc90-434a-9454-cbd496f7a557" name="ReferencedObject" />
		<array name="ObjectSets" />
		<array name="VisualTransformModifiers" />
		<field ref="null" name="MeshShaderSet" />
		<field ref="null" name="PhysicsMaterialSet" />
		<field name="OverrideScreenAreaCulling">false</field>
		<field name="IsInObjectSet">false</field>
	</instance>
	<instance guid="6E117827-2F1C-431F-864F-D3ADD85646AA" type="Entity.ReferenceObjectData">
		<array name="Components" />
		<field name="Enumeration">0</field>
		<field name="Name" />
		<complex name="Transform">0.750961899757/6.89379353537e-19/0.660345375538/*nonzero*/-5.17697707209e-19/1.0/-4.5522856206e-19/*nonzero*/-0.660345375538/-7.34407547159e-27/0.750961899757/*nonzero*/-22.6419811249/-20.4175319672/-72.8882446289/*nonzero*</complex>
		<field ref="objects/_snow/sp02_tunnel_01/tunnel_01_pillar/6dbe7b22-fc90-434a-9454-cbd496f7a557" name="ReferencedObject" />
		<array name="ObjectSets" />
		<array name="VisualTransformModifiers" />
		<field ref="null" name="MeshShaderSet" />
		<field ref="null" name="PhysicsMaterialSet" />
		<field name="OverrideScreenAreaCulling">false</field>
		<field name="IsInObjectSet">false</field>
	</instance>
	<instance guid="AC4BE41C-A116-4736-A3B8-D1343B6865F7" type="Entity.ReferenceObjectData">
		<array name="Components" />
		<field name="Enumeration">0</field>
		<field name="Name" />
		<complex name="Transform">0.738718152046/-5.32574970578e-20/0.67401432991/*nonzero*/3.93422802837e-20/1.0/3.58963234e-20/*nonzero*/-0.67401432991/8.24531053721e-28/0.738718152046/*nonzero*/-28.7093448639/-20.541765213/-78.2515563965/*nonzero*</complex>
		<field ref="objects/_snow/sp02_tunnel_01/tunnel_01_pillar/6dbe7b22-fc90-434a-9454-cbd496f7a557" name="ReferencedObject" />
		<array name="ObjectSets" />
		<array name="VisualTransformModifiers" />
		<field ref="null" name="MeshShaderSet" />
		<field ref="null" name="PhysicsMaterialSet" />
		<field name="OverrideScreenAreaCulling">false</field>
		<field name="IsInObjectSet">false</field>
	</instance>
	<instance guid="81F9BB38-C074-43C9-8223-BCAACA3D4738" type="Entity.ReferenceObjectData">
		<array name="Components" />
		<field name="Enumeration">0</field>
		<field name="Name" />
		<complex name="Transform">0.736218631268/-6.01993514508e-22/0.676743626595/*nonzero*/4.43198868757e-22/1.0/4.07395362655e-22/*nonzero*/-0.676743626595/1.63357603578e-29/0.736218631268/*nonzero*/-34.7818641663/-20.6659965515/-83.5926895142/*nonzero*</complex>
		<field ref="objects/_snow/sp02_tunnel_01/tunnel_01_pillar/6dbe7b22-fc90-434a-9454-cbd496f7a557" name="ReferencedObject" />
		<array name="ObjectSets" />
		<array name="VisualTransformModifiers" />
		<field ref="null" name="MeshShaderSet" />
		<field ref="null" name="PhysicsMaterialSet" />
		<field name="OverrideScreenAreaCulling">false</field>
		<field name="IsInObjectSet">false</field>
	</instance>
	<instance guid="4B647CE0-1447-4C03-8691-7175F7EDDC2D" type="Entity.ReferenceObjectData">
		<array name="Components" />
		<field name="Enumeration">0</field>
		<field name="Name" />
		<complex name="Transform">0.750751435757/-1.45635641694e-19/0.660584688187/*nonzero*/1.09336177605e-19/1.0/9.62046983057e-20/*nonzero*/-0.660584688187/-4.39660869206e-28/0.750751435757/*nonzero*/-40.8635673523/-20.7902336121/-88.8954162598/*nonzero*</complex>
		<field ref="objects/_snow/sp02_tunnel_01/tunnel_01_pillar/6dbe7b22-fc90-434a-9454-cbd496f7a557" name="ReferencedObject" />
		<array name="ObjectSets" />
		<array name="VisualTransformModifiers" />
		<field ref="null" name="MeshShaderSet" />
		<field ref="null" name="PhysicsMaterialSet" />
		<field name="OverrideScreenAreaCulling">false</field>
		<field name="IsInObjectSet">false</field>
	</instance>
	<instance guid="89D6F2D5-9B6B-48D6-8EEA-A1B72DCE7933" type="Entity.ReferenceObjectData">
		<array name="Components" />
		<field name="Enumeration">0</field>
		<field name="Name" />
		<complex name="Transform">0.770944356918/-1.68155815719e-44/0.636902391911/*nonzero*/8/1.0/7/*nonzero*/-0.636902391911/0/0.770944356918/*nonzero*/-47.0558891296/-20.8682765961/-94.0869674683/*nonzero*</complex>
		<field ref="objects/_snow/sp02_tunnel_01/tunnel_01_pillar/6dbe7b22-fc90-434a-9454-cbd496f7a557" name="ReferencedObject" />
		<array name="ObjectSets" />
		<array name="VisualTransformModifiers" />
		<field ref="null" name="MeshShaderSet" />
		<field ref="null" name="PhysicsMaterialSet" />
		<field name="OverrideScreenAreaCulling">false</field>
		<field name="IsInObjectSet">false</field>
	</instance>
	<instance guid="2AAF8D4D-C8C7-454B-9971-83D6B6207917" type="Entity.ReferenceObjectData">
		<array name="Components" />
		<field name="Enumeration">0</field>
		<field name="Name" />
		<complex name="Transform">0.762687444687/-2.32519302913e-34/0.64676707983/*nonzero*/1.77339566225e-34/1.0/1.50385871061e-34/*nonzero*/-0.64676707983/-1.0958153991e-42/0.762687444687/*nonzero*/-53.2969284058/-20.9907665253/-99.2409439087/*nonzero*</complex>
		<field ref="objects/_snow/sp02_tunnel_01/tunnel_01_pillar/6dbe7b22-fc90-434a-9454-cbd496f7a557" name="ReferencedObject" />
		<array name="ObjectSets" />
		<array name="VisualTransformModifiers" />
		<field ref="null" name="MeshShaderSet" />
		<field ref="null" name="PhysicsMaterialSet" />
		<field name="OverrideScreenAreaCulling">false</field>
		<field name="IsInObjectSet">false</field>
	</instance>
	<instance guid="1A18F452-1469-484C-B9E2-59619C0A4A29" type="Entity.ReferenceObjectData">
		<array name="Components" />
		<field name="Enumeration">0</field>
		<field name="Name" />
		<complex name="Transform">0.766761958599/-6.44597293589e-44/0.641931295395/*nonzero*/34/1.0/29/*nonzero*/-0.641931295395/-1.40129846432e-45/0.766761958599/*nonzero*/-59.543838501/-21.1132507324/-104.365646362/*nonzero*</complex>
		<field ref="objects/_snow/sp02_tunnel_01/tunnel_01_pillar/6dbe7b22-fc90-434a-9454-cbd496f7a557" name="ReferencedObject" />
		<array name="ObjectSets" />
		<array name="VisualTransformModifiers" />
		<field ref="null" name="MeshShaderSet" />
		<field ref="null" name="PhysicsMaterialSet" />
		<field name="OverrideScreenAreaCulling">false</field>
		<field name="IsInObjectSet">false</field>
	</instance>
	<instance guid="B773FC23-B18C-41B1-9AFC-526105C3912D" type="Entity.ReferenceObjectData">
		<array name="Components" />
		<field name="Enumeration">0</field>
		<field name="Name" />
		<complex name="Transform">0.763670623302/0/0.645605921745/*nonzero*/0/1.0/0/*nonzero*/-0.645605921745/0/0.763670623302/*nonzero*/-65.7873153687/-21.2357330322/-109.507286072/*nonzero*</complex>
		<field ref="objects/_snow/sp02_tunnel_01/tunnel_01_pillar/6dbe7b22-fc90-434a-9454-cbd496f7a557" name="ReferencedObject" />
		<array name="ObjectSets" />
		<array name="VisualTransformModifiers" />
		<field ref="null" name="MeshShaderSet" />
		<field ref="null" name="PhysicsMaterialSet" />
		<field name="OverrideScreenAreaCulling">false</field>
		<field name="IsInObjectSet">false</field>
	</instance>
	<instance guid="13226C55-00BE-469D-A1CE-FF95AE8DA29A" type="Entity.ReferenceObjectData">
		<array name="Components" />
		<field name="Enumeration">0</field>
		<field name="Name" />
		<complex name="Transform">0.765130579472/0/0.643875002861/*nonzero*/0/1.0/0/*nonzero*/-0.643875002861/0/0.765130579472/*nonzero*/-72.0329742432/-21.3582210541/-114.638175964/*nonzero*</complex>
		<field ref="objects/_snow/sp02_tunnel_01/tunnel_01_pillar/6dbe7b22-fc90-434a-9454-cbd496f7a557" name="ReferencedObject" />
		<array name="ObjectSets" />
		<array name="VisualTransformModifiers" />
		<field ref="null" name="MeshShaderSet" />
		<field ref="null" name="PhysicsMaterialSet" />
		<field name="OverrideScreenAreaCulling">false</field>
		<field name="IsInObjectSet">false</field>
	</instance>
	<instance guid="9A7CDCC8-7DDC-47D9-B36D-58CC088C5174" type="Entity.ReferenceObjectData">
		<array name="Components" />
		<field name="Enumeration">0</field>
		<field name="Name" />
		<complex name="Transform">0.798955202103/0/0.601390421391/*nonzero*/0/1.0/0/*nonzero*/-0.601390421391/0/0.798955202103/*nonzero*/-78.4753494263/-21.4820327759/-119.525047302/*nonzero*</complex>
		<field ref="objects/_snow/sp02_tunnel_01/tunnel_01_pillar/6dbe7b22-fc90-434a-9454-cbd496f7a557" name="ReferencedObject" />
		<array name="ObjectSets" />
		<array name="VisualTransformModifiers" />
		<field ref="null" name="MeshShaderSet" />
		<field ref="null" name="PhysicsMaterialSet" />
		<field name="OverrideScreenAreaCulling">false</field>
		<field name="IsInObjectSet">false</field>
	</instance>
	<instance guid="84CA6B53-01E2-4558-BB68-9C70A3CC3DE0" type="Entity.ReferenceObjectData">
		<array name="Components" />
		<field name="Enumeration">0</field>
		<field name="Name" />
		<complex name="Transform">0.796722888947/0/0.604344666004/*nonzero*/0/1.0/0/*nonzero*/-0.604344666004/0/0.796722888947/*nonzero*/-84.9692077637/-21.6125049591/-124.345909119/*nonzero*</complex>
		<field ref="objects/_snow/sp02_tunnel_01/tunnel_01_pillar/6dbe7b22-fc90-434a-9454-cbd496f7a557" name="ReferencedObject" />
		<array name="ObjectSets" />
		<array name="VisualTransformModifiers" />
		<field ref="null" name="MeshShaderSet" />
		<field ref="null" name="PhysicsMaterialSet" />
		<field name="OverrideScreenAreaCulling">false</field>
		<field name="IsInObjectSet">false</field>
	</instance>
	<instance guid="8819FCB1-90D6-4BC0-A385-38B2FA0E4CE8" type="Entity.ReferenceObjectData">
		<array name="Components" />
		<field name="Enumeration">0</field>
		<field name="Name" />
		<complex name="Transform">0.794382810593/0/0.607417345047/*nonzero*/0/1.0/0/*nonzero*/-0.607417345047/0/0.794382810593/*nonzero*/-91.4602355957/-21.7375850677/-129.169158936/*nonzero*</complex>
		<field ref="objects/_snow/sp02_tunnel_01/tunnel_01_pillar/6dbe7b22-fc90-434a-9454-cbd496f7a557" name="ReferencedObject" />
		<array name="ObjectSets" />
		<array name="VisualTransformModifiers" />
		<field ref="null" name="MeshShaderSet" />
		<field ref="null" name="PhysicsMaterialSet" />
		<field name="OverrideScreenAreaCulling">false</field>
		<field name="IsInObjectSet">false</field>
	</instance>
	<instance guid="B1BA3099-50FB-40D7-BA4B-6A683229E43E" type="Entity.ReferenceObjectData">
		<array name="Components" />
		<field name="Enumeration">0</field>
		<field name="Name" />
		<complex name="Transform">0.804377675056/0/0.594118177891/*nonzero*/0/1.0/0/*nonzero*/-0.594118177891/0/0.804377675056/*nonzero*/-97.957649231/-21.8630123138/-133.95980835/*nonzero*</complex>
		<field ref="objects/_snow/sp02_tunnel_01/tunnel_01_pillar/6dbe7b22-fc90-434a-9454-cbd496f7a557" name="ReferencedObject" />
		<array name="ObjectSets" />
		<array name="VisualTransformModifiers" />
		<field ref="null" name="MeshShaderSet" />
		<field ref="null" name="PhysicsMaterialSet" />
		<field name="OverrideScreenAreaCulling">false</field>
		<field name="IsInObjectSet">false</field>
	</instance>
	<instance guid="DE0C1004-B214-4734-B815-9C517571C32A" type="Entity.ReferenceObjectData">
		<array name="Components" />
		<field name="Enumeration">0</field>
		<field name="Name" />
		<complex name="Transform">0.80389302969/0/0.594773769379/*nonzero*/0/1.0/0/*nonzero*/-0.594773769379/0/0.80389302969/*nonzero*/-104.450668335/-21.9907855988/-138.777359009/*nonzero*</complex>
		<field ref="objects/_snow/sp02_tunnel_01/tunnel_01_pillar/6dbe7b22-fc90-434a-9454-cbd496f7a557" name="ReferencedObject" />
		<array name="ObjectSets" />
		<array name="VisualTransformModifiers" />
		<field ref="null" name="MeshShaderSet" />
		<field ref="null" name="PhysicsMaterialSet" />
		<field name="OverrideScreenAreaCulling">false</field>
		<field name="IsInObjectSet">false</field>
	</instance>
	<instance guid="B258B77F-8373-4CE8-8F3B-9E5CD3F10D0A" type="Entity.ReferenceObjectData">
		<array name="Components" />
		<field name="Enumeration">0</field>
		<field name="Name" />
		<complex name="Transform">0.822504639626/0/0.568758249283/*nonzero*/0/1.0/0/*nonzero*/-0.568758249283/0/0.822504639626/*nonzero*/-111.076469421/-22.1219596863/-143.422912598/*nonzero*</complex>
		<field ref="objects/_snow/sp02_tunnel_01/tunnel_01_pillar/6dbe7b22-fc90-434a-9454-cbd496f7a557" name="ReferencedObject" />
		<array name="ObjectSets" />
		<array name="VisualTransformModifiers" />
		<field ref="null" name="MeshShaderSet" />
		<field ref="null" name="PhysicsMaterialSet" />
		<field name="OverrideScreenAreaCulling">false</field>
		<field name="IsInObjectSet">false</field>
	</instance>
	<instance guid="EF337C6A-C8E7-47FD-8AA0-3B456396D30C" type="Entity.ReferenceObjectData">
		<array name="Components" />
		<field name="Enumeration">0</field>
		<field name="Name" />
		<complex name="Transform">0.816465079784/0/0.577394723892/*nonzero*/0/1.0/0/*nonzero*/-0.577394723892/0/0.816465079784/*nonzero*/-117.725814819/-22.2508678436/-148.035110474/*nonzero*</complex>
		<field ref="objects/_snow/sp02_tunnel_01/tunnel_01_pillar/6dbe7b22-fc90-434a-9454-cbd496f7a557" name="ReferencedObject" />
		<array name="ObjectSets" />
		<array name="VisualTransformModifiers" />
		<field ref="null" name="MeshShaderSet" />
		<field ref="null" name="PhysicsMaterialSet" />
		<field name="OverrideScreenAreaCulling">false</field>
		<field name="IsInObjectSet">false</field>
	</instance>
	<instance guid="85D0FF97-6CB2-4BE2-97E1-29F5F5AA05CB" type="Entity.ReferenceObjectData">
		<array name="Components" />
		<field name="Enumeration">0</field>
		<field name="Name" />
		<complex name="Transform">0.821196317673/0/0.57064563036/*nonzero*/0/1.0/0/*nonzero*/-0.57064563036/0/0.821196317673/*nonzero*/-124.378364563/-22.3774471283/-152.618286133/*nonzero*</complex>
		<field ref="objects/_snow/sp02_tunnel_01/tunnel_01_pillar/6dbe7b22-fc90-434a-9454-cbd496f7a557" name="ReferencedObject" />
		<array name="ObjectSets" />
		<array name="VisualTransformModifiers" />
		<field ref="null" name="MeshShaderSet" />
		<field ref="null" name="PhysicsMaterialSet" />
		<field name="OverrideScreenAreaCulling">false</field>
		<field name="IsInObjectSet">false</field>
	</instance>
	<instance guid="F7742A66-E007-4DED-B88C-D3ACC35872CD" type="Entity.ReferenceObjectData">
		<array name="Components" />
		<field name="Enumeration">0</field>
		<field name="Name" />
		<complex name="Transform">0.819569885731/0/0.572979211807/*nonzero*/0/1.0/0/*nonzero*/-0.572979211807/0/0.819569885731/*nonzero*/-131.028991699/-22.504026413/-157.218582153/*nonzero*</complex>
		<field ref="objects/_snow/sp02_tunnel_01/tunnel_01_pillar/6dbe7b22-fc90-434a-9454-cbd496f7a557" name="ReferencedObject" />
		<array name="ObjectSets" />
		<array name="VisualTransformModifiers" />
		<field ref="null" name="MeshShaderSet" />
		<field ref="null" name="PhysicsMaterialSet" />
		<field name="OverrideScreenAreaCulling">false</field>
		<field name="IsInObjectSet">false</field>
	</instance>
	<instance guid="4A1210BF-07C9-4636-809C-06FBB579532A" type="Entity.ReferenceObjectData">
		<array name="Components" />
		<field name="Enumeration">0</field>
		<field name="Name" />
		<complex name="Transform">0.823075771332/0/0.567931354046/*nonzero*/0/1.0/0/*nonzero*/-0.567931354046/0/0.823075771332/*nonzero*/-137.681121826/-22.6306095123/-161.805007935/*nonzero*</complex>
		<field ref="objects/_snow/sp02_tunnel_01/tunnel_01_pillar/6dbe7b22-fc90-434a-9454-cbd496f7a557" name="ReferencedObject" />
		<array name="ObjectSets" />
		<array name="VisualTransformModifiers" />
		<field ref="null" name="MeshShaderSet" />
		<field ref="null" name="PhysicsMaterialSet" />
		<field name="OverrideScreenAreaCulling">false</field>
		<field name="IsInObjectSet">false</field>
	</instance>
	<instance guid="36A5DBDF-3300-4BA5-99D0-AA8785DABA47" type="Entity.ReferenceObjectData">
		<array name="Components" />
		<field name="Enumeration">0</field>
		<field name="Name" />
		<complex name="Transform">-0.832259893417/0/-0.554384946823/*nonzero*/0/1.0/0/*nonzero*/0.554384946823/0/-0.832259893417/*nonzero*/-144.408370972/-22.7559146881/-166.302719116/*nonzero*</complex>
		<field ref="objects/_snow/sp02_tunnel_01/tunnel_01_pillar/6dbe7b22-fc90-434a-9454-cbd496f7a557" name="ReferencedObject" />
		<array name="ObjectSets" />
		<array name="VisualTransformModifiers" />
		<field ref="null" name="MeshShaderSet" />
		<field ref="null" name="PhysicsMaterialSet" />
		<field name="OverrideScreenAreaCulling">false</field>
		<field name="IsInObjectSet">false</field>
	</instance>
	<instance guid="B7FEE3CC-FF7F-4E98-BA97-3063E3BA99E8" type="Entity.ReferenceObjectData">
		<array name="Components" />
		<field name="Enumeration">0</field>
		<field name="Name" />
		<complex name="Transform">0.832621335983/0/0.553842544556/*nonzero*/0/1.0/0/*nonzero*/-0.553842544556/0/0.832621335983/*nonzero*/-151.156570435/-22.8843994141/-170.754318237/*nonzero*</complex>
		<field ref="objects/_snow/sp02_tunnel_01/tunnel_01_pillar/6dbe7b22-fc90-434a-9454-cbd496f7a557" name="ReferencedObject" />
		<array name="ObjectSets" />
		<array name="VisualTransformModifiers" />
		<field ref="null" name="MeshShaderSet" />
		<field ref="null" name="PhysicsMaterialSet" />
		<field name="OverrideScreenAreaCulling">false</field>
		<field name="IsInObjectSet">false</field>
	</instance>
	<instance guid="B7B24603-C9B5-4EE1-B549-A1C3D8BA98DE" type="Entity.ReferenceObjectData">
		<array name="Components" />
		<field name="Enumeration">0</field>
		<field name="Name" />
		<complex name="Transform">0.834295332432/0/0.551317691803/*nonzero*/0/1.0/0/*nonzero*/-0.551317691803/0/0.834295332432/*nonzero*/-157.904251099/-23.0102348328/-175.202957153/*nonzero*</complex>
		<field ref="objects/_snow/sp02_tunnel_01/tunnel_01_pillar/6dbe7b22-fc90-434a-9454-cbd496f7a557" name="ReferencedObject" />
		<array name="ObjectSets" />
		<array name="VisualTransformModifiers" />
		<field ref="null" name="MeshShaderSet" />
		<field ref="null" name="PhysicsMaterialSet" />
		<field name="OverrideScreenAreaCulling">false</field>
		<field name="IsInObjectSet">false</field>
	</instance>
	<instance guid="3D4FA371-9E21-4EBA-A324-B3C367D577D7" type="Entity.ReferenceObjectData">
		<array name="Components" />
		<field name="Enumeration">0</field>
		<field name="Name" />
		<complex name="Transform">0.836218059063/0/0.548396885395/*nonzero*/0/1.0/0/*nonzero*/-0.548396885395/0/0.836218059063/*nonzero*/-164.652252197/-23.1334037781/-179.650588989/*nonzero*</complex>
		<field ref="objects/_snow/sp02_tunnel_01/tunnel_01_pillar/6dbe7b22-fc90-434a-9454-cbd496f7a557" name="ReferencedObject" />
		<array name="ObjectSets" />
		<array name="VisualTransformModifiers" />
