<?xml version="1.0"?>
<partition guid="07A376BD-FE46-4777-9350-7FFCC5547C8A" primaryInstance="93F29D79-0D70-4572-893F-20AAD2ED0185" exportMode="All">
	<instance guid="99FC813C-2AE1-4B7C-842A-FBAD9F21E2BD" type="Entity.EffectAsset">
		<field name="Name">FX/CutScene/SP04B/FX_Cutscene_CS32_SnowOutsideHeli_Subtle</field>
		<field name="MemoryReportGroup">MemoryReportGroup_default</field>
		<array name="Objects" />
		<array name="EventConnections" />
		<array name="DataConnections" />
		<field ref="null" name="Descriptor" />
		<field ref="93f29d79-0d70-4572-893f-20aad2ed0185" name="Object" />
	</instance>
	<instance guid="93F29D79-0D70-4572-893F-20AAD2ED0185" type="Entity.EffectEntityData" id="FX_Cutscene_CS32_SnowOutsideHeli_Subtle">
		<array name="Components">
			<item ref="8b49803d-df1d-4cec-8c10-d13c201bcf4b" />
			<item ref="b7132ecb-1443-443c-b75d-1a00714cbf64" />
			<item ref="8ce724b1-61ba-4e6e-9e23-0f535c747275" />
			<item ref="12523024-d567-4837-b4a9-881cf5768035" />
		</array>
		<field name="Enumeration">0</field>
		<field name="Name" />
		<complex name="Transform">1.0/0/0/*nonzero*/0/1.0/0/*nonzero*/0/0/1.0/*nonzero*/0/0/0/*nonzero*</complex>
		<field name="MaxInstanceCount">50</field>
		<field name="CullDistance">0</field>
		<field name="ResetInstanceWhenStarted">true</field>
		<field name="TriggerPostEffect">false</field>
		<field name="PostEffectContrastOffset">0</field>
		<complex name="PostEffectBrightnessOffset">0/0/0/*nonzero*</complex>
		<field name="PostEffectFadeInTime">0</field>
		<field name="PostEffectFadeOutTime">0</field>
		<field name="PostEffectSizeScale">1.0</field>
		<field name="PostEffectDistanceFallof">0.00999999977648</field>
	</instance>
	<instance guid="8B49803D-DF1D-4CEC-8C10-D13C201BCF4B" type="Emitter.EmitterEntityData">
		<array name="Components" />
		<field name="Enumeration">0</field>
		<field name="Name" />
		<complex name="Transform">1.0/0/0/*nonzero*/0/0.213343262672/0.976976215839/*nonzero*/0/-0.976976215839/0.213343262672/*nonzero*/0/0.552950263023/0/*nonzero*</complex>
		<field name="MaxInstanceCount">30</field>
		<field name="CullDistance">0</field>
		<field name="ResetInstanceWhenStarted">true</field>
		<field name="TriggerPostEffect">false</field>
		<field name="PostEffectContrastOffset">0</field>
		<complex name="PostEffectBrightnessOffset">0/0/0/*nonzero*</complex>
		<field name="PostEffectFadeInTime">0</field>
		<field name="PostEffectFadeOutTime">0</field>
		<field name="PostEffectSizeScale">1.0</field>
		<field name="PostEffectDistanceFallof">0.00999999977648</field>
		<field name="MoveEmitterInSpiral">false</field>
		<field name="ShootEmitterFromCamera">false</field>
		<field name="SpawnCompositeMeshPart">false</field>
		<field name="CompositeMeshPartIndex">-1</field>
		<field name="StartStop">true</field>
		<field name="Pause">false</field>
		<field ref="fx/cutscene/sp04b/emitters/em_cutscene_cs32_snowsmoke_subtle/fcf58d63-aa22-43e3-b900-eeb4c8745377" name="Emitter" />
		<field name="SpawnProbability">1.0</field>
	</instance>
	<instance guid="B7132ECB-1443-443C-B75D-1A00714CBF64" type="Emitter.EmitterEntityData">
		<array name="Components" />
		<field name="Enumeration">0</field>
		<field name="Name" />
		<complex name="Transform">0.938848078251/-2.98023223877e-08/-0.344331592321/*nonzero*/0.344331592321/2.74201624961e-07/0.938847959042/*nonzero*/3.98535355828e-08/-0.999999880791/2.71043148814e-07/*nonzero*/0.813451647758/0/0/*nonzero*</complex>
		<field name="MaxInstanceCount">30</field>
		<field name="CullDistance">0</field>
		<field name="ResetInstanceWhenStarted">true</field>
		<field name="TriggerPostEffect">false</field>
		<field name="PostEffectContrastOffset">0</field>
		<complex name="PostEffectBrightnessOffset">0/0/0/*nonzero*</complex>
		<field name="PostEffectFadeInTime">0</field>
		<field name="PostEffectFadeOutTime">0</field>
		<field name="PostEffectSizeScale">1.0</field>
		<field name="PostEffectDistanceFallof">0.00999999977648</field>
		<field name="MoveEmitterInSpiral">false</field>
		<field name="ShootEmitterFromCamera">false</field>
		<field name="SpawnCompositeMeshPart">false</field>
		<field name="CompositeMeshPartIndex">-1</field>
		<field name="StartStop">true</field>
		<field name="Pause">false</field>
		<field ref="fx/cutscene/sp04b/emitters/em_cutscene_cs32_snowsmoke_subtle/fcf58d63-aa22-43e3-b900-eeb4c8745377" name="Emitter" />
		<field name="SpawnProbability">1.0</field>
	</instance>
	<instance guid="8CE724B1-61BA-4E6E-9E23-0F535C747275" type="Emitter.EmitterEntityData">
		<array name="Components" />
		<field name="Enumeration">0</field>
		<field name="Name" />
		<complex name="Transform">0.908226788044/0/0.418478310108/*nonzero*/-0.418478310108/1.90023456526e-07/0.908226668835/*nonzero*/-3.86409411135e-08/-0.999999880791/1.81955144285e-07/*nonzero*/-0.650533616543/0/0/*nonzero*</complex>
		<field name="MaxInstanceCount">30</field>
		<field name="CullDistance">0</field>
		<field name="ResetInstanceWhenStarted">true</field>
		<field name="TriggerPostEffect">false</field>
		<field name="PostEffectContrastOffset">0</field>
		<complex name="PostEffectBrightnessOffset">0/0/0/*nonzero*</complex>
		<field name="PostEffectFadeInTime">0</field>
		<field name="PostEffectFadeOutTime">0</field>
		<field name="PostEffectSizeScale">1.0</field>
		<field name="PostEffectDistanceFallof">0.00999999977648</field>
		<field name="MoveEmitterInSpiral">false</field>
		<field name="ShootEmitterFromCamera">false</field>
		<field name="SpawnCompositeMeshPart">false</field>
		<field name="CompositeMeshPartIndex">-1</field>
		<field name="StartStop">true</field>
		<field name="Pause">false</field>
		<field ref="fx/cutscene/sp04b/emitters/em_cutscene_cs32_snowsmoke_subtle/fcf58d63-aa22-43e3-b900-eeb4c8745377" name="Emitter" />
		<field name="SpawnProbability">1.0</field>
	</instance>
	<instance guid="12523024-D567-4837-B4A9-881CF5768035" type="Emitter.EmitterEntityData">
		<array name="Components" />
		<field name="Enumeration">0</field>
		<field name="Name" />
		<complex name="Transform">1.0/0/0/*nonzero*/0/-0.362886965275/0.931833267212/*nonzero*/0/-0.931833267212/-0.362886965275/*nonzero*/0/-0.485544979572/0/*nonzero*</complex>
		<field name="MaxInstanceCount">30</field>
		<field name="CullDistance">0</field>
		<field name="ResetInstanceWhenStarted">true</field>
		<field name="TriggerPostEffect">false</field>
		<field name="PostEffectContrastOffset">0</field>
		<complex name="PostEffectBrightnessOffset">0/0/0/*nonzero*</complex>
		<field name="PostEffectFadeInTime">0</field>
		<field name="PostEffectFadeOutTime">0</field>
		<field name="PostEffectSizeScale">1.0</field>
		<field name="PostEffectDistanceFallof">0.00999999977648</field>
		<field name="MoveEmitterInSpiral">false</field>
		<field name="ShootEmitterFromCamera">false</field>
		<field name="SpawnCompositeMeshPart">false</field>
		<field name="CompositeMeshPartIndex">-1</field>
		<field name="StartStop">true</field>
		<field name="Pause">false</field>
		<field ref="fx/cutscene/sp04b/emitters/em_cutscene_cs32_snowsmoke_subtle/fcf58d63-aa22-43e3-b900-eeb4c8745377" name="Emitter" />
		<field name="SpawnProbability">1.0</field>
	</instance>
</partition>
