<?xml version="1.0"?>
<partition guid="63D12E3C-E382-485E-BB4E-FD087100E7A6" primaryInstance="6A284662-1665-4DAB-8D50-35A0A9A8D3ED" exportMode="All">
	<instance guid="6A284662-1665-4DAB-8D50-35A0A9A8D3ED" type="Entity.ObjectBlueprint" id="Trench">
		<field name="Name">Terrains/SP_01/Props/TrenchArea/Trench</field>
		<field name="MemoryReportGroup">MemoryReportGroup_default</field>
		<array name="Objects" />
		<array name="EventConnections" />
		<array name="DataConnections" />
		<field ref="null" name="Descriptor" />
		<field ref="547f1534-c9b2-49fe-9e99-5c85f58508bd" name="Object" />
	</instance>
	<instance guid="547F1534-C9B2-49FE-9E99-5C85F58508BD" type="GameSharedResources.StaticModelEntityData">
		<array name="Components" />
		<field name="Enumeration">0</field>
		<field name="Name">Terrains/SP_01/Props/TrenchArea/Trench</field>
		<complex name="Transform">1.0/0/0/*zero*/0/1.0/0/*zero*/0/0/1.0/*zero*/0/0/0/*zero*</complex>
		<field name="Enabled">true</field>
		<field ref="0b612322-c80e-482d-980d-1fe26aa90adf" name="PhysicsData" />
		<field name="Material">Default</field>
		<field name="IsObsolete">false</field>
		<field ref="null" name="ReplacementObject" />
		<array name="ObjectSets" />
		<array name="PartLinks" />
		<field ref="null" name="DetailedTreeBanger" />
		<field ref="null" name="TreeBanger" />
		<field ref="terrains/sp_01/props/trencharea/trench_mesh/d49b8cbc-a2bb-11de-b1f0-d71fc3a14ad8" name="Mesh" />
		<field ref="null" name="AnimatedMesh" />
		<field name="RequiresMesh">true</field>
		<field ref="null" name="MeshShaderSet" />
		<field ref="null" name="PhysicsMaterialSet" />
		<field name="DoNotCastShadow">false</field>
		<field name="LightMapEnable">false</field>
		<field name="LightMapResolution">512</field>
		<field name="IrradianceVolumeReceiver">false</field>
		<field name="DestroyRuinPartPercentage">75.0</field>
		<field name="AboutToBeDestroyedTime">0</field>
		<field name="ManyPartsDestroyedPercentage">80.0</field>
		<array name="VisualTransformModifiers" />
		<array name="AnimTrees" />
		<field ref="null" name="Animation" />
		<array name="AnimationVariations" />
		<field name="StartAnimationOnCreation">true</field>
		<field name="LoopAnimation">false</field>
		<field name="AnimationCullDistance">-1.0</field>
		<complex name="BoundingBoxModifier">1.0/1.0/1.0/*zero*</complex>
		<field ref="null" name="EdgeModelGenerationSettings" />
		<field ref="null" name="EdgeModels" />
		<field ref="null" name="EdgeModelLodBox" />
		<field name="NeedsDetailedPathfinding">true</field>
		<field name="ExcludeFromPathfinding">false</field>
		<field name="ForbidPathfinding">false</field>
		<field name="LocalPathfinding">false</field>
		<field name="AllowPathdataSeeds">true</field>
		<field name="DisablePathfinding">PdtNever</field>
		<field name="AllowExplosiveTracking">false</field>
		<array name="SkinnedMeshTransforms"></array>
	</instance>
	<instance guid="0B612322-C80E-482D-980D-1FE26AA90ADF" type="Physics.PhysicsEntityData">
		<field ref="terrains/sp_01/props/trencharea/trench_havok/d55edcbc-a2bb-11de-afd7-b739834c697a" name="Asset" />
		<field ref="null" name="FloatPhysics" />
		<field name="Mass">-1.0</field>
		<field name="AllowZeroMayaMass">false</field>
		<complex name="InertiaModifier">1.0/1.0/1.0/*nonzero*</complex>
		<field name="Friction">-1.0</field>
		<field name="Restitution">-1.0</field>
		<field ref="null" name="Proximity" />
	</instance>
	<instance guid="E158C3A3-C3DF-4738-86D4-C755CE691CCD" type="Entity.ObjectSet">
		<array name="Components">
			<item ref="5e3b0d9b-1e20-4b04-8f71-ee2f38b98c9f" />
			<item ref="7b69ad19-619f-4d2b-9b6c-2caece15779e" />
			<item ref="3cc691e5-5fed-4cd6-b541-697d7ca63464" />
			<item ref="1537276c-e8e7-4be5-b48e-891e7c367e01" />
			<item ref="256781f3-4234-4786-80e5-00562fdacc36" />
			<item ref="680e09b6-1e92-4be9-97a6-b46d8ddd7b25" />
			<item ref="e46b8230-0ab7-4e66-865a-9b73385a9e60" />
			<item ref="f9073a81-84d4-49eb-9686-b0b44e3061eb" />
			<item ref="43f25e46-0ee9-41a4-802f-edbe55f7b2f2" />
			<item ref="a7fa7441-2cb6-4406-a156-e008ef99720d" />
			<item ref="10c6236b-99bc-4544-ac28-22cb86bea6ed" />
			<item ref="a29b7cac-db9a-4131-9118-b19b6ad391e6" />
			<item ref="9c7814c7-b478-4849-8843-befee04a805c" />
			<item ref="00233a53-24e4-4d26-bd14-ab76bf596dcd" />
			<item ref="fde68f2a-5d86-4c68-80ca-3e6739e2ffaa" />
			<item ref="b149f574-96a3-4c82-888e-fccab690c6fd" />
			<item ref="faaaa17c-0275-4a3e-8d59-86145c52e103" />
			<item ref="f224746e-cb2e-462a-af15-807dc79af36f" />
			<item ref="ae16398d-731f-4047-9511-6399285ac17b" />
			<item ref="aa37d313-c4ad-458a-8230-f8c961ffb106" />
			<item ref="749e4aab-c1ea-4bf1-bc25-3b45627ac2b2" />
			<item ref="e8921292-3b63-4398-8f5b-f13ac08a8e16" />
			<item ref="505af75e-9410-4ba4-98a4-214ef5e3815d" />
			<item ref="1d73396c-6411-4b60-9374-99c47200d72b" />
			<item ref="d95fdf77-9632-47ec-9f27-416562e4889b" />
			<item ref="81d84e76-d648-4b50-a97b-35d37b02b579" />
			<item ref="5a3e6407-6d24-4ecc-9fe3-48234c88d3a3" />
			<item ref="6c8d2c3f-b48f-418f-ae0a-8bf48877eb75" />
			<item ref="133f2d98-672c-4ae9-91d2-5cff723081c3" />
			<item ref="2bb9a95f-b69a-4bd1-9418-67235318da2d" />
			<item ref="fa18f236-5798-4d3d-b83e-f39e06b8526f" />
			<item ref="71a3fdca-9b87-4cf9-bbd9-4bc31c455866" />
			<item ref="17931264-15e4-453a-801f-f3b2a4d79918" />
			<item ref="51a8680f-bbbf-4393-9095-962340565fb1" />
			<item ref="d7fd9879-0fd4-4f49-a3e5-929fcc68bdbb" />
			<item ref="82351af9-72ef-4ae2-8291-852710c2049c" />
			<item ref="52cf8f1d-e500-4500-9478-7e0cc8ff1b8e" />
			<item ref="b5e1e4f7-33bd-434b-8be2-d8bb70102948" />
			<item ref="3915fc0e-b340-49f7-9dd4-0a691b34d896" />
			<item ref="a24f18fd-52ad-46d3-a613-963120a4283f" />
			<item ref="83fc6eb1-3c81-42f4-afc4-2e5740cccee2" />
			<item ref="ef1d7017-f798-4c23-bb3f-36266f768992" />
			<item ref="13025efe-3df8-4af3-a601-b381146e8574" />
			<item ref="bc06193c-ae95-4cca-8e3d-46140eca532f" />
			<item ref="0ebc2cc9-5070-4f6a-a91f-85042ac20e9a" />
			<item ref="be8d8212-f8b7-4a72-a6fc-0cd5ed3788a9" />
			<item ref="479e66fe-effb-4af9-8381-9c2fb1ec7562" />
			<item ref="6a71b630-cac1-4658-a757-6b6a3c1afd4a" />
			<item ref="ae660893-1351-47cf-b500-a67a063362c2" />
			<item ref="d292c4db-754a-4185-afc2-360f7ead363f" />
			<item ref="0891977f-3c78-4974-b377-51f54cbee444" />
			<item ref="d60552e3-2802-46cb-9f55-9f33eed4caa7" />
			<item ref="7e30c699-ad2b-49cb-b6d8-f6897057b6b0" />
			<item ref="e0d97ad5-22fb-402b-b468-b90fc99d88f1" />
			<item ref="01c29aec-b55c-42b9-81be-2e0efdf6b39f" />
			<item ref="5e682b69-5c1c-4e14-8102-725130779301" />
			<item ref="ade52d96-ac09-4b45-8012-12e7fd36a67c" />
			<item ref="03388ef4-a59e-4704-a70b-0918022fab4f" />
			<item ref="2a29f4c1-4e20-4f0f-a8ae-e2770a2a13d4" />
			<item ref="80e622f6-e96e-4863-b739-3721138ba913" />
			<item ref="5fdb44e9-68f9-4b40-8079-6f402c34ea49" />
			<item ref="e85425a1-baaa-497f-a30a-4d42c555ed0c" />
			<item ref="182149e5-b221-4d43-9544-f7d28b204615" />
			<item ref="76fbd97c-5b9c-4c7a-920f-c7de367c9eaf" />
			<item ref="dd9e493c-858a-4925-a25e-605cb4f0d3f3" />
			<item ref="098f997d-5bfa-4098-8af4-d732b1edb986" />
			<item ref="6f2d4a2b-b478-4c0f-b7f2-e85720dac254" />
			<item ref="088d5921-c884-4ec5-bbf1-d120115c4aec" />
			<item ref="fb48cbe5-199d-43c2-8f12-dd55c2f7a5a2" />
			<item ref="645de335-fb43-4ba9-95c2-0eb73c8f5a42" />
			<item ref="7d2f1855-bc13-469b-975a-f9dd9e91386e" />
			<item ref="98119542-e787-4aff-a04c-246b4f615403" />
			<item ref="72402718-49af-47e0-bb55-33e4d435274d" />
			<item ref="166da3e8-b10a-48e8-b665-7b18b90b5627" />
			<item ref="2d7534e0-a434-4af2-9385-366444ad1745" />
			<item ref="abfacf5c-77ca-437d-859b-58a9dd27acbb" />
			<item ref="31bd8dd9-116d-4ca2-8ff9-50b031b066ef" />
		</array>
		<field name="Enumeration">0</field>
		<field name="Name" />
		<complex name="Transform">1.0/0/0/*nonzero*/0/1.0/0/*nonzero*/0/0/1.0/*nonzero*/0/0/0/*nonzero*</complex>
		<field name="Enabled">true</field>
		<array name="Connections" />
	</instance>
	<instance guid="5E3B0D9B-1E20-4B04-8F71-EE2F38B98C9F" type="Entity.ReferenceObjectData">
		<array name="Components" />
		<field name="Enumeration">0</field>
		<field name="Name" />
		<complex name="Transform">0.93853533268/0/-0.345183104277/*nonzero*/0/1.0/0/*nonzero*/0.345183104277/0/0.93853533268/*nonzero*/15.8520584106/-1.0/0.993431568146/*nonzero*</complex>
		<field ref="terrains/sp_01/props/trencharea/trench_stairs/cbce2a18-2d36-401f-b6fb-4550d9ce7b67" name="ReferencedObject" />
		<array name="ObjectSets" />
		<array name="VisualTransformModifiers" />
		<field ref="null" name="MeshShaderSet" />
		<field ref="null" name="PhysicsMaterialSet" />
		<field name="OverrideScreenAreaCulling">false</field>
		<field name="IsInObjectSet">false</field>
	</instance>
	<instance guid="7B69AD19-619F-4D2B-9B6C-2CAECE15779E" type="Entity.ReferenceObjectData">
		<array name="Components" />
		<field name="Enumeration">0</field>
		<field name="Name" />
		<complex name="Transform">0.987210690975/0/-0.159420996904/*nonzero*/0/1.0/0/*nonzero*/0.159420996904/0/0.987210690975/*nonzero*/16.9254169464/-1.0/22.5571784973/*nonzero*</complex>
		<field ref="terrains/sp_01/props/trencharea/trench_stairs/cbce2a18-2d36-401f-b6fb-4550d9ce7b67" name="ReferencedObject" />
		<array name="ObjectSets" />
		<array name="VisualTransformModifiers" />
		<field ref="null" name="MeshShaderSet" />
		<field ref="null" name="PhysicsMaterialSet" />
		<field name="OverrideScreenAreaCulling">false</field>
		<field name="IsInObjectSet">false</field>
	</instance>
	<instance guid="3CC691E5-5FED-4CD6-B541-697D7CA63464" type="Entity.ReferenceObjectData">
		<array name="Components" />
		<field name="Enumeration">0</field>
		<field name="Name" />
		<complex name="Transform">0.957348704338/0/0.288934975863/*nonzero*/0/1.0/0/*nonzero*/-0.288934975863/0/0.957348704338/*nonzero*/11.1342916489/0/34.7523498535/*nonzero*</complex>
		<field ref="terrains/sp_01/props/trencharea/trench_stairs/cbce2a18-2d36-401f-b6fb-4550d9ce7b67" name="ReferencedObject" />
		<array name="ObjectSets" />
		<array name="VisualTransformModifiers" />
		<field ref="null" name="MeshShaderSet" />
		<field ref="null" name="PhysicsMaterialSet" />
		<field name="OverrideScreenAreaCulling">false</field>
		<field name="IsInObjectSet">false</field>
	</instance>
	<instance guid="1537276C-E8E7-4BE5-B48E-891E7C367E01" type="Entity.ReferenceObjectData">
		<array name="Components" />
		<field name="Enumeration">0</field>
		<field name="Name" />
		<complex name="Transform">0.727996647358/0/-0.685580670834/*nonzero*/0/1.0/0/*nonzero*/0.685580670834/0/0.727996647358/*nonzero*/5.86139631271/-2.0/-20.2540836334/*nonzero*</complex>
		<field ref="terrains/sp_01/props/trencharea/trench_stairs/cbce2a18-2d36-401f-b6fb-4550d9ce7b67" name="ReferencedObject" />
		<array name="ObjectSets" />
		<array name="VisualTransformModifiers" />
		<field ref="null" name="MeshShaderSet" />
		<field ref="null" name="PhysicsMaterialSet" />
		<field name="OverrideScreenAreaCulling">false</field>
		<field name="IsInObjectSet">false</field>
	</instance>
	<instance guid="256781F3-4234-4786-80E5-00562FDACC36" type="Entity.ReferenceObjectData">
		<array name="Components" />
		<field name="Enumeration">0</field>
		<field name="Name" />
		<complex name="Transform">0.616216123104/0/-0.787576913834/*nonzero*/0/1.0/0/*nonzero*/0.787576913834/0/0.616216123104/*nonzero*/-18.5092086792/-2.0/-35.5300712585/*nonzero*</complex>
		<field ref="terrains/sp_01/props/trencharea/trench_stairs/cbce2a18-2d36-401f-b6fb-4550d9ce7b67" name="ReferencedObject" />
		<array name="ObjectSets" />
		<array name="VisualTransformModifiers" />
		<field ref="null" name="MeshShaderSet" />
		<field ref="null" name="PhysicsMaterialSet" />
		<field name="OverrideScreenAreaCulling">false</field>
		<field name="IsInObjectSet">false</field>
	</instance>
	<instance guid="680E09B6-1E92-4BE9-97A6-B46D8DDD7B25" type="Entity.ReferenceObjectData">
		<array name="Components" />
		<field name="Enumeration">0</field>
		<field name="Name" />
		<complex name="Transform">-0.986332118511/0/0.164763852954/*nonzero*/0/1.0/0/*nonzero*/-0.164763852954/0/-0.986332118511/*nonzero*/20.0438709259/-1.0/13.5127887726/*nonzero*</complex>
		<field ref="terrains/sp_01/props/trencharea/trench_stairs/cbce2a18-2d36-401f-b6fb-4550d9ce7b67" name="ReferencedObject" />
		<array name="ObjectSets" />
		<array name="VisualTransformModifiers" />
		<field ref="null" name="MeshShaderSet" />
		<field ref="null" name="PhysicsMaterialSet" />
		<field name="OverrideScreenAreaCulling">false</field>
		<field name="IsInObjectSet">false</field>
	</instance>
	<instance guid="E46B8230-0AB7-4E66-865A-9B73385A9E60" type="Entity.ReferenceObjectData">
		<array name="Components" />
		<field name="Enumeration">0</field>
		<field name="Name" />
		<complex name="Transform">-0.16928859055/0/-0.98556637764/*nonzero*/0/1.0/0/*nonzero*/0.98556637764/0/-0.16928859055/*nonzero*/19.7549877167/-1.0/2.60075163841/*nonzero*</complex>
		<field ref="terrains/sp_01/props/trencharea/trench_corner/ac7d7bd5-e14a-47c9-98f2-9b1cbeecb240" name="ReferencedObject" />
		<array name="ObjectSets" />
		<array name="VisualTransformModifiers" />
		<field ref="null" name="MeshShaderSet" />
		<field ref="null" name="PhysicsMaterialSet" />
		<field name="OverrideScreenAreaCulling">false</field>
		<field name="IsInObjectSet">false</field>
	</instance>
	<instance guid="F9073A81-84D4-49EB-9686-B0B44E3061EB" type="Entity.ReferenceObjectData">
		<array name="Components" />
		<field name="Enumeration">0</field>
		<field name="Name" />
		<complex name="Transform">0.96267592907/0/-0.270656615496/*nonzero*/0/1.0/0/*nonzero*/0.270656615496/0/0.96267592907/*nonzero*/21.2298030853/-2.0/16.4063186646/*nonzero*</complex>
		<field ref="terrains/sp_01/props/trencharea/trench_corner/ac7d7bd5-e14a-47c9-98f2-9b1cbeecb240" name="ReferencedObject" />
		<array name="ObjectSets" />
		<array name="VisualTransformModifiers" />
		<field ref="null" name="MeshShaderSet" />
		<field ref="null" name="PhysicsMaterialSet" />
		<field name="OverrideScreenAreaCulling">false</field>
		<field name="IsInObjectSet">false</field>
	</instance>
	<instance guid="43F25E46-0EE9-41A4-802F-EDBE55F7B2F2" type="Entity.ReferenceObjectData">
		<array name="Components" />
		<field name="Enumeration">0</field>
		<field name="Name" />
		<complex name="Transform">0.989779293537/0/-0.142607703805/*nonzero*/0/1.0/0/*nonzero*/0.142607703805/0/0.989779293537/*nonzero*/15.0382852554/-1.0/12.7762537003/*nonzero*</complex>
		<field ref="terrains/sp_01/props/trencharea/trench_straight_1/0834b4d5-5eca-4d7f-9d39-a4c5968016e7" name="ReferencedObject" />
		<array name="ObjectSets" />
		<array name="VisualTransformModifiers" />
		<field ref="null" name="MeshShaderSet" />
		<field ref="null" name="PhysicsMaterialSet" />
		<field name="OverrideScreenAreaCulling">false</field>
		<field name="IsInObjectSet">false</field>
	</instance>
	<instance guid="A7FA7441-2CB6-4406-A156-E008EF99720D" type="Entity.ReferenceObjectData">
		<array name="Components" />
		<field name="Enumeration">0</field>
		<field name="Name" />
		<complex name="Transform">-0.961052417755/0/0.276365488768/*nonzero*/0/1.0/0/*nonzero*/-0.276365488768/0/-0.961052417755/*nonzero*/12.1662521362/-1.0/3.87560391426/*nonzero*</complex>
		<field ref="terrains/sp_01/props/trencharea/trench_straight_2/7f36181d-a8df-49e9-abd7-7c6a4514e7a3" name="ReferencedObject" />
		<array name="ObjectSets" />
		<array name="VisualTransformModifiers" />
		<field ref="null" name="MeshShaderSet" />
		<field ref="null" name="PhysicsMaterialSet" />
		<field name="OverrideScreenAreaCulling">false</field>
		<field name="IsInObjectSet">false</field>
	</instance>
	<instance guid="10C6236B-99BC-4544-AC28-22CB86BEA6ED" type="Entity.ReferenceObjectData">
		<array name="Components" />
		<field name="Enumeration">0</field>
		<field name="Name" />
		<complex name="Transform">0.285586357117/0/0.958352863789/*nonzero*/0/1.0/0/*nonzero*/-0.958352863789/0/0.285586357117/*nonzero*/10.6645345688/-1.0/8.82310581207/*nonzero*</complex>
		<field ref="terrains/sp_01/props/trencharea/trench_straight_long/186410fa-2abf-4f25-9007-6bd6226a0429" name="ReferencedObject" />
		<array name="ObjectSets" />
		<array name="VisualTransformModifiers" />
		<field ref="null" name="MeshShaderSet" />
		<field ref="null" name="PhysicsMaterialSet" />
		<field name="OverrideScreenAreaCulling">false</field>
		<field name="IsInObjectSet">false</field>
	</instance>
	<instance guid="A29B7CAC-DB9A-4131-9118-B19B6AD391E6" type="Entity.ReferenceObjectData">
		<array name="Components" />
		<field name="Enumeration">0</field>
		<field name="Name" />
		<complex name="Transform">-0.978964090347/0/0.20403200388/*nonzero*/0/1.0/0/*nonzero*/-0.20403200388/0/-0.978964090347/*nonzero*/15.6338615417/-2.0/15.7445268631/*nonzero*</complex>
		<field ref="terrains/sp_01/props/trencharea/trench_straight_2/7f36181d-a8df-49e9-abd7-7c6a4514e7a3" name="ReferencedObject" />
		<array name="ObjectSets" />
		<array name="VisualTransformModifiers" />
		<field ref="null" name="MeshShaderSet" />
		<field ref="null" name="PhysicsMaterialSet" />
		<field name="OverrideScreenAreaCulling">false</field>
		<field name="IsInObjectSet">false</field>
	</instance>
	<instance guid="9C7814C7-B478-4849-8843-BEFEE04A805C" type="Entity.ReferenceObjectData">
		<array name="Components" />
		<field name="Enumeration">0</field>
		<field name="Name" />
		<complex name="Transform">0.966032683849/0/-0.258419811726/*nonzero*/0/1.0/0/*nonzero*/0.258419811726/0/0.966032683849/*nonzero*/19.2679634094/-2.0/17.8112411499/*nonzero*</complex>
		<field ref="terrains/sp_01/props/trencharea/trench_straight_short/0783918d-1d58-4c8b-b5e9-cc09beeaacc7" name="ReferencedObject" />
		<array name="ObjectSets" />
		<array name="VisualTransformModifiers" />
		<field ref="null" name="MeshShaderSet" />
		<field ref="null" name="PhysicsMaterialSet" />
		<field name="OverrideScreenAreaCulling">false</field>
		<field name="IsInObjectSet">false</field>
	</instance>
	<instance guid="00233A53-24E4-4D26-BD14-AB76BF596DCD" type="Entity.ReferenceObjectData">
		<array name="Components" />
		<field name="Enumeration">0</field>
		<field name="Name" />
		<complex name="Transform">0.333044081926/0/0.942911028862/*nonzero*/0/1.0/0/*nonzero*/-0.942911028862/0/0.333044081926/*nonzero*/13.7997741699/-2.0/18.93983078/*nonzero*</complex>
		<field ref="terrains/sp_01/props/trencharea/trench_straight_1/0834b4d5-5eca-4d7f-9d39-a4c5968016e7" name="ReferencedObject" />
		<array name="ObjectSets" />
		<array name="VisualTransformModifiers" />
		<field ref="null" name="MeshShaderSet" />
		<field ref="null" name="PhysicsMaterialSet" />
		<field name="OverrideScreenAreaCulling">false</field>
		<field name="IsInObjectSet">false</field>
	</instance>
	<instance guid="FDE68F2A-5D86-4C68-80CA-3E6739E2FFAA" type="Entity.ReferenceObjectData">
		<array name="Components" />
		<field name="Enumeration">0</field>
		<field name="Name" />
		<complex name="Transform">-0.215462386608/0/-0.976511776447/*nonzero*/0/1.0/0/*nonzero*/0.976511776447/0/-0.215462386608/*nonzero*/18.5389137268/-2.0/19.610244751/*nonzero*</complex>
		<field ref="terrains/sp_01/props/trencharea/trench_straight_short/0783918d-1d58-4c8b-b5e9-cc09beeaacc7" name="ReferencedObject" />
		<array name="ObjectSets" />
		<array name="VisualTransformModifiers" />
		<field ref="null" name="MeshShaderSet" />
		<field ref="null" name="PhysicsMaterialSet" />
		<field name="OverrideScreenAreaCulling">false</field>
		<field name="IsInObjectSet">false</field>
	</instance>
	<instance guid="B149F574-96A3-4C82-888E-FCCAB690C6FD" type="Entity.ReferenceObjectData">
		<array name="Components" />
		<field name="Enumeration">0</field>
		<field name="Name" />
		<complex name="Transform">-0.343015283346/0/-0.939329087734/*nonzero*/0/1.0/0/*nonzero*/0.939329087734/0/-0.343015283346/*nonzero*/15.9534397125/-2.0/-4.87066745758/*nonzero*</complex>
		<field ref="terrains/sp_01/props/trencharea/trench_straight_long/186410fa-2abf-4f25-9007-6bd6226a0429" name="ReferencedObject" />
		<array name="ObjectSets" />
		<array name="VisualTransformModifiers" />
		<field ref="null" name="MeshShaderSet" />
		<field ref="null" name="PhysicsMaterialSet" />
		<field name="OverrideScreenAreaCulling">false</field>
		<field name="IsInObjectSet">false</field>
	</instance>
	<instance guid="FAAAA17C-0275-4A3E-8D59-86145C52E103" type="Entity.ReferenceObjectData">
		<array name="Components" />
		<field name="Enumeration">0</field>
		<field name="Name" />
		<complex name="Transform">0.344988286495/0/0.93860667944/*nonzero*/0/1.0/0/*nonzero*/-0.93860667944/0/0.344988286495/*nonzero*/6.46325874329/-2.0/-9.73538017273/*nonzero*</complex>
		<field ref="terrains/sp_01/props/trencharea/trench_straight_long/186410fa-2abf-4f25-9007-6bd6226a0429" name="ReferencedObject" />
		<array name="ObjectSets" />
		<array name="VisualTransformModifiers" />
		<field ref="null" name="MeshShaderSet" />
		<field ref="null" name="PhysicsMaterialSet" />
		<field name="OverrideScreenAreaCulling">false</field>
		<field name="IsInObjectSet">false</field>
	</instance>
	<instance guid="F224746E-CB2E-462A-AF15-807DC79AF36F" type="Entity.ReferenceObjectData">
		<array name="Components" />
		<field name="Enumeration">0</field>
		<field name="Name" />
		<complex name="Transform">0.371481567621/0/0.928439974785/*nonzero*/0/1.0/0/*nonzero*/-0.928439974785/0/0.371481567621/*nonzero*/12.6020689011/-2.0/-2.25755572319/*nonzero*</complex>
		<field ref="terrains/sp_01/props/trencharea/trench_straight_2/7f36181d-a8df-49e9-abd7-7c6a4514e7a3" name="ReferencedObject" />
		<array name="ObjectSets" />
		<array name="VisualTransformModifiers" />
		<field ref="null" name="MeshShaderSet" />
		<field ref="null" name="PhysicsMaterialSet" />
		<field name="OverrideScreenAreaCulling">false</field>
		<field name="IsInObjectSet">false</field>
	</instance>
	<instance guid="AE16398D-731F-4047-9511-6399285AC17B" type="Entity.ReferenceObjectData">
		<array name="Components" />
		<field name="Enumeration">0</field>
		<field name="Name" />
		<complex name="Transform">0.428883075714/0/0.903359770775/*nonzero*/0/1.0/0/*nonzero*/-0.903359770775/0/0.428883075714/*nonzero*/9.52044487/-2.0/-4.99076652527/*nonzero*</complex>
		<field ref="terrains/sp_01/props/trencharea/trench_corner/ac7d7bd5-e14a-47c9-98f2-9b1cbeecb240" name="ReferencedObject" />
		<array name="ObjectSets" />
		<array name="VisualTransformModifiers" />
		<field ref="null" name="MeshShaderSet" />
		<field ref="null" name="PhysicsMaterialSet" />
		<field name="OverrideScreenAreaCulling">false</field>
		<field name="IsInObjectSet">false</field>
	</instance>
	<instance guid="AA37D313-C4AD-458A-8230-F8C961FFB106" type="Entity.ReferenceObjectData">
		<array name="Components" />
		<field name="Enumeration">0</field>
		<field name="Name" />
		<complex name="Transform">-0.641469240189/0/0.767148196697/*nonzero*/0/1.0/0/*nonzero*/-0.767148196697/0/-0.641469240189/*nonzero*/-18.4137935638/-2.0/-32.0981903076/*nonzero*</complex>
		<field ref="terrains/sp_01/props/trencharea/trench_corner/ac7d7bd5-e14a-47c9-98f2-9b1cbeecb240" name="ReferencedObject" />
		<array name="ObjectSets" />
		<array name="VisualTransformModifiers" />
		<field ref="null" name="MeshShaderSet" />
		<field ref="null" name="PhysicsMaterialSet" />
		<field name="OverrideScreenAreaCulling">false</field>
		<field name="IsInObjectSet">false</field>
	</instance>
	<instance guid="749E4AAB-C1EA-4BF1-BC25-3B45627AC2B2" type="Entity.ReferenceObjectData">
		<array name="Components" />
		<field name="Enumeration">0</field>
		<field name="Name" />
		<complex name="Transform">0.947613537312/0/-0.319418340921/*nonzero*/0/1.0/0/*nonzero*/0.319418340921/0/0.947613537312/*nonzero*/-16.744758606/-2.0/-30.5088691711/*nonzero*</complex>
		<field ref="terrains/sp_01/props/trencharea/trench_straight_short/0783918d-1d58-4c8b-b5e9-cc09beeaacc7" name="ReferencedObject" />
		<array name="ObjectSets" />
		<array name="VisualTransformModifiers" />
		<field ref="null" name="MeshShaderSet" />
		<field ref="null" name="PhysicsMaterialSet" />
		<field name="OverrideScreenAreaCulling">false</field>
		<field name="IsInObjectSet">false</field>
	</instance>
	<instance guid="E8921292-3B63-4398-8F5B-F13AC08A8E16" type="Entity.ReferenceObjectData">
		<array name="Components" />
		<field name="Enumeration">0</field>
		<field name="Name" />
		<complex name="Transform">-0.333538383245/0/-0.942736208439/*nonzero*/0/1.0/0/*nonzero*/0.942736208439/0/-0.333538383245/*nonzero*/13.1106243134/-2.0/-9.82223415375/*nonzero*</complex>
		<field ref="terrains/sp_01/props/trencharea/trench_corner/ac7d7bd5-e14a-47c9-98f2-9b1cbeecb240" name="ReferencedObject" />
		<array name="ObjectSets" />
		<array name="VisualTransformModifiers" />
		<field ref="null" name="MeshShaderSet" />
		<field ref="null" name="PhysicsMaterialSet" />
		<field name="OverrideScreenAreaCulling">false</field>
		<field name="IsInObjectSet">false</field>
	</instance>
	<instance guid="505AF75E-9410-4BA4-98A4-214EF5E3815D" type="Entity.ReferenceObjectData">
		<array name="Components" />
		<field name="Enumeration">0</field>
		<field name="Name" />
		<complex name="Transform">-0.997352063656/0/-0.0727197602391/*nonzero*/0/1.0/0/*nonzero*/0.0727197602391/0/-0.997352063656/*nonzero*/9.98859977722/-2.0/-10.4726581573/*nonzero*</complex>
		<field ref="terrains/sp_01/props/trencharea/trench_straight_short/0783918d-1d58-4c8b-b5e9-cc09beeaacc7" name="ReferencedObject" />
		<array name="ObjectSets" />
		<array name="VisualTransformModifiers" />
		<field ref="null" name="MeshShaderSet" />
		<field ref="null" name="PhysicsMaterialSet" />
		<field name="OverrideScreenAreaCulling">false</field>
		<field name="IsInObjectSet">false</field>
	</instance>
	<instance guid="1D73396C-6411-4B60-9374-99C47200D72B" type="Entity.ReferenceObjectData">
		<array name="Components" />
		<field name="Enumeration">0</field>
		<field name="Name" />
		<complex name="Transform">-0.543291151524/0/-0.83954423666/*nonzero*/0/1.0/0/*nonzero*/0.83954423666/0/-0.543291151524/*nonzero*/9.74484348297/-2.0/-18.2088680267/*nonzero*</complex>
		<field ref="terrains/sp_01/props/trencharea/trench_straight_2/7f36181d-a8df-49e9-abd7-7c6a4514e7a3" name="ReferencedObject" />
		<array name="ObjectSets" />
		<array name="VisualTransformModifiers" />
		<field ref="null" name="MeshShaderSet" />
		<field ref="null" name="PhysicsMaterialSet" />
		<field name="OverrideScreenAreaCulling">false</field>
		<field name="IsInObjectSet">false</field>
	</instance>
	<instance guid="D95FDF77-9632-47EC-9F27-416562E4889B" type="Entity.ReferenceObjectData">
		<array name="Components" />
		<field name="Enumeration">0</field>
		<field name="Name" />
		<complex name="Transform">0.517841160297/0/0.855476677418/*nonzero*/0/1.0/0/*nonzero*/-0.855476677418/0/0.517841160297/*nonzero*/6.3073849678/-2.0/-16.8922214508/*nonzero*</complex>
		<field ref="terrains/sp_01/props/trencharea/trench_straight_short/0783918d-1d58-4c8b-b5e9-cc09beeaacc7" name="ReferencedObject" />
		<array name="ObjectSets" />
		<array name="VisualTransformModifiers" />
		<field ref="null" name="MeshShaderSet" />
		<field ref="null" name="PhysicsMaterialSet" />
		<field name="OverrideScreenAreaCulling">false</field>
		<field name="IsInObjectSet">false</field>
	</instance>
	<instance guid="81D84E76-D648-4B50-A97B-35D37B02B579" type="Entity.ReferenceObjectData">
		<array name="Components" />
		<field name="Enumeration">0</field>
		<field name="Name" />
		<complex name="Transform">-0.641304016113/0/0.76728695631/*nonzero*/0/1.0/0/*nonzero*/-0.76728695631/0/-0.641304016113/*nonzero*/6.01934099197/-2.0/-14.7097873688/*nonzero*</complex>
		<field ref="terrains/sp_01/props/trencharea/trench_straight_short/0783918d-1d58-4c8b-b5e9-cc09beeaacc7" name="ReferencedObject" />
		<array name="ObjectSets" />
		<array name="VisualTransformModifiers" />
		<field ref="null" name="MeshShaderSet" />
		<field ref="null" name="PhysicsMaterialSet" />
		<field name="OverrideScreenAreaCulling">false</field>
		<field name="IsInObjectSet">false</field>
	</instance>
	<instance guid="5A3E6407-6D24-4ECC-9FE3-48234C88D3A3" type="Entity.ReferenceObjectData">
		<array name="Components" />
		<field name="Enumeration">0</field>
		<field name="Name" />
		<complex name="Transform">-0.645371556282/0/-0.763868570328/*nonzero*/0/1.0/0/*nonzero*/0.763868570328/0/-0.645371556282/*nonzero*/3.95053744316/-3.0/-28.3727149963/*nonzero*</complex>
		<field ref="terrains/sp_01/props/trencharea/trench_straight_long/186410fa-2abf-4f25-9007-6bd6226a0429" name="ReferencedObject" />
		<array name="ObjectSets" />
		<array name="VisualTransformModifiers" />
		<field ref="null" name="MeshShaderSet" />
		<field ref="null" name="PhysicsMaterialSet" />
		<field name="OverrideScreenAreaCulling">false</field>
		<field name="IsInObjectSet">false</field>
	</instance>
	<instance guid="6C8D2C3F-B48F-418F-AE0A-8BF48877EB75" type="Entity.ReferenceObjectData">
		<array name="Components" />
		<field name="Enumeration">0</field>
		<field name="Name" />
		<complex name="Transform">0.660017430782/0/0.751250207424/*nonzero*/0/1.0/0/*nonzero*/-0.751250207424/0/0.660017430782/*nonzero*/-4.01993656158/-3.0/-20.1608810425/*nonzero*</complex>
		<field ref="terrains/sp_01/props/trencharea/trench_straight_long/186410fa-2abf-4f25-9007-6bd6226a0429" name="ReferencedObject" />
		<array name="ObjectSets" />
		<array name="VisualTransformModifiers" />
		<field ref="null" name="MeshShaderSet" />
		<field ref="null" name="PhysicsMaterialSet" />
		<field name="OverrideScreenAreaCulling">false</field>
		<field name="IsInObjectSet">false</field>
	</instance>
	<instance guid="133F2D98-672C-4AE9-91D2-5CFF723081C3" type="Entity.ReferenceObjectData">
		<array name="Components" />
		<field name="Enumeration">0</field>
		<field name="Name" />
		<complex name="Transform">0.789248287678/0/-0.614074170589/*nonzero*/0/1.0/0/*nonzero*/0.614074170589/0/0.789248287678/*nonzero*/1.24918293953/-3.0/-18.3374404907/*nonzero*</complex>
		<field ref="terrains/sp_01/props/trencharea/trench_straight_1/0834b4d5-5eca-4d7f-9d39-a4c5968016e7" name="ReferencedObject" />
		<array name="ObjectSets" />
		<array name="VisualTransformModifiers" />
		<field ref="null" name="MeshShaderSet" />
		<field ref="null" name="PhysicsMaterialSet" />
		<field name="OverrideScreenAreaCulling">false</field>
		<field name="IsInObjectSet">false</field>
	</instance>
	<instance guid="2BB9A95F-B69A-4BD1-9418-67235318DA2D" type="Entity.ReferenceObjectData">
		<array name="Components" />
		<field name="Enumeration">0</field>
		<field name="Name" />
		<complex name="Transform">-0.634300887585/0/0.773086071014/*nonzero*/0/1.0/0/*nonzero*/-0.773086071014/0/-0.634300887585/*nonzero*/-4.82291793823/-3.0/-25.654083252/*nonzero*</complex>
		<field ref="terrains/sp_01/props/trencharea/trench_straight_2/7f36181d-a8df-49e9-abd7-7c6a4514e7a3" name="ReferencedObject" />
		<array name="ObjectSets" />
		<array name="VisualTransformModifiers" />
		<field ref="null" name="MeshShaderSet" />
		<field ref="null" name="PhysicsMaterialSet" />
		<field name="OverrideScreenAreaCulling">false</field>
		<field name="IsInObjectSet">false</field>
	</instance>
	<instance guid="FA18F236-5798-4D3D-B83E-F39E06B8526F" type="Entity.ReferenceObjectData">
		<array name="Components" />
		<field name="Enumeration">0</field>
		<field name="Name" />
		<complex name="Transform">-0.032952606678/0/-0.999456763268/*nonzero*/0/1.0/0/*nonzero*/0.999456763268/0/-0.032952606678/*nonzero*/6.49283123016/-3.0/-23.7774410248/*nonzero*</complex>
		<field ref="terrains/sp_01/props/trencharea/trench_straight_short/0783918d-1d58-4c8b-b5e9-cc09beeaacc7" name="ReferencedObject" />
		<array name="ObjectSets" />
		<array name="VisualTransformModifiers" />
		<field ref="null" name="MeshShaderSet" />
		<field ref="null" name="PhysicsMaterialSet" />
		<field name="OverrideScreenAreaCulling">false</field>
		<field name="IsInObjectSet">false</field>
	</instance>
	<instance guid="71A3FDCA-9B87-4CF9-BBD9-4BC31C455866" type="Entity.ReferenceObjectData">
		<array name="Components" />
		<field name="Enumeration">0</field>
		<field name="Name" />
		<complex name="Transform">0.743801653385/0/0.668400347233/*nonzero*/0/1.0/0/*nonzero*/-0.668400347233/0/0.743801653385/*nonzero*/-6.82127523422/-3.0/-30.8136520386/*nonzero*</complex>
		<field ref="terrains/sp_01/props/trencharea/trench_straight_long/186410fa-2abf-4f25-9007-6bd6226a0429" name="ReferencedObject" />
		<array name="ObjectSets" />
		<array name="VisualTransformModifiers" />
		<field ref="null" name="MeshShaderSet" />
		<field ref="null" name="PhysicsMaterialSet" />
		<field name="OverrideScreenAreaCulling">false</field>
		<field name="IsInObjectSet">false</field>
	</instance>
	<instance guid="17931264-15E4-453A-801F-F3B2A4D79918" type="Entity.ReferenceObjectData">
		<array name="Components" />
		<field name="Enumeration">0</field>
		<field name="Name" />
		<complex name="Transform">-0.621734559536/0/0.783227860928/*nonzero*/0/1.0/0/*nonzero*/-0.783227860928/0/-0.621734559536/*nonzero*/-9.64468479156/-2.0/-35.843296051/*nonzero*</complex>
		<field ref="terrains/sp_01/props/trencharea/trench_stairs/cbce2a18-2d36-401f-b6fb-4550d9ce7b67" name="ReferencedObject" />
		<array name="ObjectSets" />
		<array name="VisualTransformModifiers" />
		<field ref="null" name="MeshShaderSet" />
		<field ref="null" name="PhysicsMaterialSet" />
		<field name="OverrideScreenAreaCulling">false</field>
		<field name="IsInObjectSet">false</field>
	</instance>
	<instance guid="51A8680F-BBBF-4393-9095-962340565FB1" type="Entity.ReferenceObjectData">
		<array name="Components" />
		<field name="Enumeration">0</field>
		<field name="Name" />
		<complex name="Transform">0.630850195885/0/-0.775904536247/*nonzero*/0/1.0/0/*nonzero*/0.775904536247/0/0.630850195885/*nonzero*/-22.3237133026/-3.0/-32.7554397583/*nonzero*</complex>
		<field ref="terrains/sp_01/props/trencharea/trench_straight_2/7f36181d-a8df-49e9-abd7-7c6a4514e7a3" name="ReferencedObject" />
		<array name="ObjectSets" />
		<array name="VisualTransformModifiers" />
		<field ref="null" name="MeshShaderSet" />
		<field ref="null" name="PhysicsMaterialSet" />
		<field name="OverrideScreenAreaCulling">false</field>
		<field name="IsInObjectSet">false</field>
	</instance>
	<instance guid="D7FD9879-0FD4-4F49-A3E5-929FCC68BDBB" type="Entity.ReferenceObjectData">
		<array name="Components" />
		<field name="Enumeration">0</field>
		<field name="Name" />
		<complex name="Transform">-0.762907445431/0/0.646507620811/*nonzero*/0/1.0/0/*nonzero*/-0.646507620811/0/-0.762907445431/*nonzero*/-14.0462303162/-2.0/-37.9943885803/*nonzero*</complex>
		<field ref="terrains/sp_01/props/trencharea/trench_straight_1/0834b4d5-5eca-4d7f-9d39-a4c5968016e7" name="ReferencedObject" />
		<array name="ObjectSets" />
		<array name="VisualTransformModifiers" />
		<field ref="null" name="MeshShaderSet" />
		<field ref="null" name="PhysicsMaterialSet" />
		<field name="OverrideScreenAreaCulling">false</field>
		<field name="IsInObjectSet">false</field>
	</instance>
	<instance guid="82351AF9-72EF-4AE2-8291-852710C2049C" type="Entity.ReferenceObjectData">
		<array name="Components" />
		<field name="Enumeration">0</field>
		<field name="Name" />
		<complex name="Transform">-0.811520695686/0/-0.584322988987/*nonzero*/0/1.0/0/*nonzero*/0.584322988987/0/-0.811520695686/*nonzero*/-10.8612117767/-2.0/-38.8870201111/*nonzero*</complex>
		<field ref="terrains/sp_01/props/trencharea/trench_straight_short/0783918d-1d58-4c8b-b5e9-cc09beeaacc7" name="ReferencedObject" />
		<array name="ObjectSets" />
		<array name="VisualTransformModifiers" />
		<field ref="null" name="MeshShaderSet" />
		<field ref="null" name="PhysicsMaterialSet" />
		<field name="OverrideScreenAreaCulling">false</field>
		<field name="IsInObjectSet">false</field>
	</instance>
	<instance guid="52CF8F1D-E500-4500-9478-7E0CC8FF1B8E" type="Entity.ReferenceObjectData">
		<array name="Components" />
		<field name="Enumeration">0</field>
		<field name="Name" />
		<complex name="Transform">-0.783098578453/0/-0.621897399426/*nonzero*/0/1.0/0/*nonzero*/0.621897399426/0/-0.783098578453/*nonzero*/-20.0889759064/-3.0/-42.64270401/*nonzero*</complex>
		<field ref="terrains/sp_01/props/trencharea/trench_straight_long/186410fa-2abf-4f25-9007-6bd6226a0429" name="ReferencedObject" />
		<array name="ObjectSets" />
		<array name="VisualTransformModifiers" />
		<field ref="null" name="MeshShaderSet" />
		<field ref="null" name="PhysicsMaterialSet" />
		<field name="OverrideScreenAreaCulling">false</field>
		<field name="IsInObjectSet">false</field>
	</instance>
	<instance guid="B5E1E4F7-33BD-434B-8BE2-D8BB70102948" type="Entity.ReferenceObjectData">
		<array name="Components" />
		<field name="Enumeration">0</field>
		<field name="Name" />
		<complex name="Transform">0.648744940758/0/-0.761005878448/*nonzero*/0/1.0/0/*nonzero*/0.761005878448/0/0.648744940758/*nonzero*/-13.5929031372/-2.0/-33.1384429932/*nonzero*</complex>
		<field ref="terrains/sp_01/props/trencharea/trench_straight_2/7f36181d-a8df-49e9-abd7-7c6a4514e7a3" name="ReferencedObject" />
		<array name="ObjectSets" />
		<array name="VisualTransformModifiers" />
		<field ref="null" name="MeshShaderSet" />
		<field ref="null" name="PhysicsMaterialSet" />
		<field name="OverrideScreenAreaCulling">false</field>
		<field name="IsInObjectSet">false</field>
	</instance>
	<instance guid="3915FC0E-B340-49F7-9DD4-0A691B34D896" type="Entity.ReferenceObjectData">
		<array name="Components" />
		<field name="Enumeration">0</field>
		<field name="Name" />
		<complex name="Transform">-0.751254796982/0/0.66001188755/*nonzero*/0/1.0/0/*nonzero*/-0.66001188755/0/-0.751254796982/*nonzero*/-0.341980397701/-3.0/-30.9971790314/*nonzero*</complex>
		<field ref="terrains/sp_01/props/trencharea/trench_straight_short/0783918d-1d58-4c8b-b5e9-cc09beeaacc7" name="ReferencedObject" />
		<array name="ObjectSets" />
		<array name="VisualTransformModifiers" />
		<field ref="null" name="MeshShaderSet" />
		<field ref="null" name="PhysicsMaterialSet" />
		<field name="OverrideScreenAreaCulling">false</field>
		<field name="IsInObjectSet">false</field>
	</instance>
	<instance guid="A24F18FD-52AD-46D3-A613-963120A4283F" type="Entity.ReferenceObjectData">
		<array name="Components" />
		<field name="Enumeration">0</field>
		<field name="Name" />
		<complex name="Transform">-0.695693135262/0/-0.718339383602/*nonzero*/0/1.0/0/*nonzero*/0.718339383602/0/-0.695693135262/*nonzero*/-3.98795032501/-3.0/-33.0706100464/*nonzero*</complex>
		<field ref="terrains/sp_01/props/trencharea/trench_straight_long/186410fa-2abf-4f25-9007-6bd6226a0429" name="ReferencedObject" />
		<array name="ObjectSets" />
		<array name="VisualTransformModifiers" />
		<field ref="null" name="MeshShaderSet" />
		<field ref="null" name="PhysicsMaterialSet" />
		<field name="OverrideScreenAreaCulling">false</field>
		<field name="IsInObjectSet">false</field>
	</instance>
	<instance guid="83FC6EB1-3C81-42F4-AFC4-2E5740CCCEE2" type="Entity.ReferenceObjectData">
		<array name="Components" />
		<field name="Enumeration">0</field>
		<field name="Name" />
