<?xml version="1.0"?>
<partition guid="F58FE0FB-CE42-4B0A-B451-13918BE9E096" primaryInstance="6F5813FC-4840-49DD-8107-6E575642199E" exportMode="All">
	<instance guid="55E9C971-4698-46D9-90DF-8CE8F25A8D5F" type="Entity.EffectAsset">
		<field name="Name">FX/Vehicles/WaterInteraction/FPSplashes/FX_FPSpalshes_Water_M_Pbl</field>
		<field name="MemoryReportGroup">MemoryReportGroup_default</field>
		<array name="Objects" />
		<array name="EventConnections" />
		<array name="DataConnections" />
		<field ref="null" name="Descriptor" />
		<field ref="6f5813fc-4840-49dd-8107-6e575642199e" name="Object" />
	</instance>
	<instance guid="6F5813FC-4840-49DD-8107-6E575642199E" type="Entity.EffectEntityData" id="FX_FPSpalshes_Water_M_Pbl">
		<array name="Components">
			<item ref="da58c916-e27c-4000-92b6-7bf3d09c5f03" />
			<item ref="52a32762-b8b4-4a60-a47d-436977d99faa" />
			<item ref="b989bfa0-69ba-4bfc-93d5-17978303c758" />
			<item ref="dddd4d14-2b54-4a9f-acf5-15443f1ca91c" />
			<item ref="916b7671-eef8-4947-abd9-5636ed472296" />
		</array>
		<field name="Enumeration">0</field>
		<field name="Name" />
		<complex name="Transform">1.0/0/0/*nonzero*/0/1.0/0/*nonzero*/0/0/1.0/*nonzero*/0/0/0/*nonzero*</complex>
		<field name="MaxInstanceCount">30</field>
		<field name="CullDistance">0</field>
		<field name="ResetInstanceWhenStarted">true</field>
		<field name="TriggerPostEffect">false</field>
		<field name="PostEffectContrastOffset">0</field>
		<complex name="PostEffectBrightnessOffset">0/0/0/*nonzero*</complex>
		<field name="PostEffectFadeInTime">0</field>
		<field name="PostEffectFadeOutTime">0</field>
		<field name="PostEffectSizeScale">1.0</field>
		<field name="PostEffectDistanceFallof">0.00999999977648</field>
	</instance>
	<instance guid="DA58C916-E27C-4000-92B6-7BF3D09C5F03" type="Emitter.EmitterEntityData">
		<array name="Components" />
		<field name="Enumeration">0</field>
		<field name="Name" />
		<complex name="Transform">1.0/0/0/*nonzero*/0/0.343820542097/0.939034759998/*nonzero*/0/-0.939034759998/0.343820542097/*nonzero*/0/2.04772090912/-2.98023223877e-08/*nonzero*</complex>
		<field name="MaxInstanceCount">30</field>
		<field name="CullDistance">0</field>
		<field name="ResetInstanceWhenStarted">true</field>
		<field name="TriggerPostEffect">false</field>
		<field name="PostEffectContrastOffset">0</field>
		<complex name="PostEffectBrightnessOffset">0/0/0/*nonzero*</complex>
		<field name="PostEffectFadeInTime">0</field>
		<field name="PostEffectFadeOutTime">0</field>
		<field name="PostEffectSizeScale">1.0</field>
		<field name="PostEffectDistanceFallof">0.00999999977648</field>
		<field name="MoveEmitterInSpiral">false</field>
		<field name="ShootEmitterFromCamera">false</field>
		<field name="SpawnCompositeMeshPart">false</field>
		<field name="CompositeMeshPartIndex">-1</field>
		<field name="StartStop">true</field>
		<field name="Pause">false</field>
		<field ref="fx/vehicles/waterinteraction/fpsplashes/emitter_fpsplashes/em_fpsplashes_waterstreak_01/4d0ea3f8-6d98-4cd5-ac05-39ce4d6be106" name="Emitter" />
		<field name="SpawnProbability">1.0</field>
	</instance>
	<instance guid="52A32762-B8B4-4A60-A47D-436977D99FAA" type="Emitter.EmitterEntityData">
		<array name="Components" />
		<field name="Enumeration">0</field>
		<field name="Name" />
		<complex name="Transform">0.674209117889/0.738503098488/-0.00738793518394/*nonzero*/-0.651346802711/0.59929639101/0.465391516685/*nonzero*/0.348120868206/-0.308959215879/0.885073304176/*nonzero*/-0.75/-0.199999988079/0/*nonzero*</complex>
		<field name="MaxInstanceCount">30</field>
		<field name="CullDistance">0</field>
		<field name="ResetInstanceWhenStarted">true</field>
		<field name="TriggerPostEffect">false</field>
		<field name="PostEffectContrastOffset">0</field>
		<complex name="PostEffectBrightnessOffset">0/0/0/*nonzero*</complex>
		<field name="PostEffectFadeInTime">0</field>
		<field name="PostEffectFadeOutTime">0</field>
		<field name="PostEffectSizeScale">1.0</field>
		<field name="PostEffectDistanceFallof">0.00999999977648</field>
		<field name="MoveEmitterInSpiral">false</field>
		<field name="ShootEmitterFromCamera">false</field>
		<field name="SpawnCompositeMeshPart">false</field>
		<field name="CompositeMeshPartIndex">-1</field>
		<field name="StartStop">true</field>
		<field name="Pause">false</field>
		<field ref="fx/vehicles/waterinteraction/fpsplashes/emitter_fpsplashes/em_fpsplashes_waterspray_02_soft_m_pbl/67e238c5-3768-42de-9995-d48ea46f8da0" name="Emitter" />
		<field name="SpawnProbability">1.0</field>
	</instance>
	<instance guid="B989BFA0-69BA-4BFC-93D5-17978303C758" type="Emitter.EmitterEntityData">
		<array name="Components" />
		<field name="Enumeration">0</field>
		<field name="Name" />
		<complex name="Transform">0.735429167747/-0.67729228735/-0.0204553101212/*nonzero*/0.638308703899/0.682337403297/0.356338143349/*nonzero*/-0.227387845516/-0.275118350983/0.934132993221/*nonzero*/0.749999940395/-0.200000032783/0/*nonzero*</complex>
		<field name="MaxInstanceCount">30</field>
		<field name="CullDistance">0</field>
		<field name="ResetInstanceWhenStarted">true</field>
		<field name="TriggerPostEffect">false</field>
		<field name="PostEffectContrastOffset">0</field>
		<complex name="PostEffectBrightnessOffset">0/0/0/*nonzero*</complex>
		<field name="PostEffectFadeInTime">0</field>
		<field name="PostEffectFadeOutTime">0</field>
		<field name="PostEffectSizeScale">1.0</field>
		<field name="PostEffectDistanceFallof">0.00999999977648</field>
		<field name="MoveEmitterInSpiral">false</field>
		<field name="ShootEmitterFromCamera">false</field>
		<field name="SpawnCompositeMeshPart">false</field>
		<field name="CompositeMeshPartIndex">-1</field>
		<field name="StartStop">true</field>
		<field name="Pause">false</field>
		<field ref="fx/vehicles/waterinteraction/fpsplashes/emitter_fpsplashes/em_fpsplashes_waterspray_02_soft_m_pbl/67e238c5-3768-42de-9995-d48ea46f8da0" name="Emitter" />
		<field name="SpawnProbability">1.0</field>
	</instance>
	<instance guid="DDDD4D14-2B54-4A9F-ACF5-15443F1CA91C" type="Emitter.EmitterEntityData">
		<array name="Components" />
		<field name="Enumeration">0</field>
		<field name="Name" />
		<complex name="Transform">1.0/0/0/*nonzero*/0/0.433050811291/0.901369452477/*nonzero*/0/-0.901369452477/0.433050811291/*nonzero*/0/1.80326592922/1.19209282445e-07/*nonzero*</complex>
		<field name="MaxInstanceCount">30</field>
		<field name="CullDistance">0</field>
		<field name="ResetInstanceWhenStarted">true</field>
		<field name="TriggerPostEffect">false</field>
		<field name="PostEffectContrastOffset">0</field>
		<complex name="PostEffectBrightnessOffset">0/0/0/*nonzero*</complex>
		<field name="PostEffectFadeInTime">0</field>
		<field name="PostEffectFadeOutTime">0</field>
		<field name="PostEffectSizeScale">1.0</field>
		<field name="PostEffectDistanceFallof">0.00999999977648</field>
		<field name="MoveEmitterInSpiral">false</field>
		<field name="ShootEmitterFromCamera">false</field>
		<field name="SpawnCompositeMeshPart">false</field>
		<field name="CompositeMeshPartIndex">-1</field>
		<field name="StartStop">true</field>
		<field name="Pause">false</field>
		<field ref="fx/vehicles/waterinteraction/fpsplashes/emitter_fpsplashes/em_fpsplashes_waterspray_03_m_pbl/30d6b2a6-8d18-4c5c-9d7a-559171df628a" name="Emitter" />
		<field name="SpawnProbability">1.0</field>
	</instance>
	<instance guid="916B7671-EEF8-4947-ABD9-5636ED472296" type="Emitter.EmitterEntityData">
		<array name="Components" />
		<field name="Enumeration">0</field>
		<field name="Name" />
		<complex name="Transform">1.0/0/0/*nonzero*/0/0.426865398884/-0.904314696789/*nonzero*/0/0.904314696789/0.426865398884/*nonzero*/0/0/-0.574454545975/*nonzero*</complex>
		<field name="MaxInstanceCount">30</field>
		<field name="CullDistance">0</field>
		<field name="ResetInstanceWhenStarted">true</field>
		<field name="TriggerPostEffect">false</field>
		<field name="PostEffectContrastOffset">0</field>
		<complex name="PostEffectBrightnessOffset">0/0/0/*nonzero*</complex>
		<field name="PostEffectFadeInTime">0</field>
		<field name="PostEffectFadeOutTime">0</field>
		<field name="PostEffectSizeScale">1.0</field>
		<field name="PostEffectDistanceFallof">0.00999999977648</field>
		<field name="MoveEmitterInSpiral">false</field>
		<field name="ShootEmitterFromCamera">false</field>
		<field name="SpawnCompositeMeshPart">false</field>
		<field name="CompositeMeshPartIndex">-1</field>
		<field name="StartStop">true</field>
		<field name="Pause">false</field>
		<field ref="fx/vehicles/waterinteraction/fpsplashes/emitter_fpsplashes/em_fpsplashes_waterspray_m_pbl/31b7a05c-6bdf-4b1f-8dff-e58d05627408" name="Emitter" />
		<field name="SpawnProbability">1.0</field>
	</instance>
</partition>
