<?xml version="1.0"?>
<partition guid="E9C1E00B-D682-4B08-9F69-2B604BE026FD" primaryInstance="ACD432C8-3BDA-4355-B888-508BE722984D" exportMode="All">
	<instance guid="ACD432C8-3BDA-4355-B888-508BE722984D" type="Entity.ObjectBlueprint" id="Kurogane_Wreck">
		<field name="Name">Objects/Vehicles/Beach/Kurogane/Kurogane_Wreck</field>
		<field name="MemoryReportGroup">MemoryReportGroup_default</field>
		<array name="Objects" />
		<array name="EventConnections" />
		<array name="DataConnections" />
		<field ref="null" name="Descriptor" />
		<field ref="bef67b6a-8e39-4dcf-8849-87d428bcd401" name="Object" />
	</instance>
	<instance guid="BEF67B6A-8E39-4DCF-8849-87D428BCD401" type="GameSharedResources.BangerEntityData">
		<array name="Components">
			<item ref="8fd15326-3a56-4301-a563-e351acdb5c43" />
		</array>
		<field name="Enumeration">0</field>
		<field name="Name">Objects/Vehicles/Beach/Kurogane/Kurogane_Wreck</field>
		<complex name="Transform">1.0/0/0/*nonzero*/0/1.0/0/*nonzero*/0/0/1.0/*nonzero*/0/0/0/*nonzero*</complex>
		<field name="Enabled">true</field>
		<field ref="65f5ae43-b61e-4a21-943e-5269bee7d4db" name="PhysicsData" />
		<field name="Material">Light_Jeep</field>
		<field name="IsObsolete">false</field>
		<field ref="null" name="ReplacementObject" />
		<field name="TrackedByAI">true</field>
		<field ref="objects/vehicles/beach/kurogane/kurogane_mesh_mesh/daf3dbf5-84ac-11dd-992a-fdf48041bd1a" name="Mesh" />
		<field ref="null" name="MeshShaderSet" />
		<field ref="a00658f1-1e22-4ba1-8664-02e87578b73e" name="Explosion" />
		<field name="MaxHealth">250.0</field>
		<field name="TimeToLive">45.0</field>
		<field name="IsClientSide">false</field>
	</instance>
	<instance guid="65F5AE43-B61E-4A21-943E-5269BEE7D4DB" type="Physics.PhysicsEntityData">
		<field ref="objects/vehicles/beach/kurogane/kurogane_mesh_havok/dd412755-84ac-11dd-9a48-b05c15bac988" name="Asset" />
		<field ref="null" name="FloatPhysics" />
		<field name="Mass">2000.0</field>
		<field name="AllowZeroMayaMass">false</field>
		<complex name="InertiaModifier">1.0/1.0/1.0/*nonzero*</complex>
		<field name="Friction">-1.0</field>
		<field name="Restitution">-1.0</field>
		<field ref="null" name="Proximity" />
	</instance>
	<instance guid="8FD15326-3A56-4301-A563-E351ACDB5C43" type="GameSharedResources.PartComponentData">
		<array name="Components">
			<item ref="3edc678c-be21-4f67-8bfb-c8c222db45b9" />
			<item ref="ac32d5e3-b7fb-45c9-8733-1dd7593894b9" />
			<item ref="97fe93ba-b3cd-4669-8f44-77096c6c2103" />
			<item ref="b0372b7d-e414-46b3-bd6f-cb4538909dda" />
			<item ref="9419ed89-c170-4913-a781-fcfef221fb9d" />
			<item ref="e5a6eb72-9451-41c7-9944-4c97ee580df2" />
			<item ref="5b2926c3-07bd-47f5-85db-b9071be6c036" />
			<item ref="f662b524-5893-4cde-99e6-51607bd50f2b" />
		</array>
		<field name="Enumeration">0</field>
		<field name="Name" />
		<complex name="Transform">0.997641384602/-0.0686324760318/-0.00114381674211/*nonzero*/0.0686211884022/0.99761068821/-0.00800388772041/*nonzero*/0.00169041042682/0.00790651980788/0.999967336655/*nonzero*/0.0613614246249/-0.0931584835052/-0.0169500075281/*nonzero*</complex>
		<field name="Enabled">true</field>
		<array name="HealthStates">
			<item ref="2b473ff6-f5ed-4237-8c42-fbc5a213fb0a" />
		</array>
		<array name="NeighbourLinks"></array>
		<field name="IsSupported">false</field>
		<field name="IsFragile">false</field>
		<field name="IsLoadBearing">false</field>
		<field name="CanTriggerCollapse">true</field>
		<field name="CanCollapse">true</field>
	</instance>
	<instance guid="3EDC678C-BE21-4F67-8BFB-C8C222DB45B9" type="GameSharedResources.PartComponentData">
		<array name="Components" />
		<field name="Enumeration">0</field>
		<field name="Name" />
		<complex name="Transform">0.794060945511/0.479560434818/0.373482227325/*nonzero*/-0.516969799995/0.856003642082/3.72529029846e-08/*nonzero*/-0.319702148438/-0.193079054356/0.927637338638/*nonzero*/0.830593645573/0.538752794266/1.24639618397/*nonzero*</complex>
		<field name="Enabled">true</field>
		<array name="HealthStates">
			<item ref="ad5b590e-f518-41cb-bf2c-e3a4201552fb" />
		</array>
		<array name="NeighbourLinks"></array>
		<field name="IsSupported">false</field>
		<field name="IsFragile">false</field>
		<field name="IsLoadBearing">false</field>
		<field name="CanTriggerCollapse">true</field>
		<field name="CanCollapse">true</field>
	</instance>
	<instance guid="A00658F1-1E22-4BA1-8664-02E87578B73E" type="GameSharedResources.ExplosionEntityData">
		<array name="Components" />
		<field name="Enumeration">0</field>
		<field name="Name" />
		<complex name="Transform">1.0/0/0/*nonzero*/0/1.0/0/*nonzero*/0/0/1.0/*nonzero*/0/0/0/*nonzero*</complex>
		<field name="Enabled">false</field>
		<field ref="fx/explostions/gasexplosions/fx_gasexplosion_m/eee24369-5b42-4e59-9a21-bb8e6c440615" name="DetonationEffect" />
		<field name="SootDecal">Decals/SmallSootTemplate</field>
		<field name="Material">Small_explosion</field>
		<field name="EmpTime">0</field>
		<field name="CoreRadius">0.5</field>
		<field name="BlastDamage">100.0</field>
		<field name="InnerBlastRadius">1.0</field>
		<field name="BlastRadius">5.0</field>
		<field name="BlastImpulse">600.0</field>
		<field name="ShockwaveDamage">1.0</field>
		<field name="ShockwaveRadius">15.0</field>
		<field name="ShockwaveImpulse">100.0</field>
		<field name="ShockwaveTime">0.20000000298</field>
		<field name="DisableOcclusion">false</field>
		<field name="DisableStaticEntityOcclusion">false</field>
		<field name="UseAsPreDestuctionEntity">false</field>
		<field name="UnspotsOnExplode">false</field>
	</instance>
	<instance guid="2B473FF6-F5ED-4237-8C42-FBC5A213FB0A" type="GameSharedResources.HealthStateData">
		<array name="Effects" />
		<field ref="null" name="Explosion" />
		<array name="LoosePartPhysicsArray" />
		<field ref="null" name="SpawnedBanger" />
		<field name="CopyDamageToBanger">true</field>
		<field ref="null" name="LoosePartPhysics" />
		<field ref="null" name="SpawnedBangerImpulseParams" />
		<field name="MeshName">MainBody</field>
		<field name="PreferedShapeType">STBox</field>
		<field name="Health">100.0</field>
	</instance>
	<instance guid="AC32D5E3-B7FB-45C9-8733-1DD7593894B9" type="GameSharedResources.PartComponentData">
		<array name="Components" />
		<field name="Enumeration">0</field>
		<field name="Name" />
		<complex name="Transform">0.919113874435/0.142104357481/0.367472499609/*nonzero*/-0.152794733644/0.988257944584/0/*nonzero*/-0.363157600164/-0.0561478622258/0.930034339428/*nonzero*/-0.703231930733/0.454063892365/1.24639642239/*nonzero*</complex>
		<field name="Enabled">true</field>
		<array name="HealthStates">
			<item ref="91171980-ac24-441c-b78b-9a9d42ad2a4e" />
		</array>
		<array name="NeighbourLinks"></array>
		<field name="IsSupported">false</field>
		<field name="IsFragile">false</field>
		<field name="IsLoadBearing">false</field>
		<field name="CanTriggerCollapse">true</field>
		<field name="CanCollapse">true</field>
	</instance>
	<instance guid="97FE93BA-B3CD-4669-8F44-77096C6C2103" type="GameSharedResources.PartComponentData">
		<array name="Components" />
		<field name="Enumeration">0</field>
		<field name="Name" />
		<complex name="Transform">0.95383387804/0.300334662199/8.94246135474e-11/*nonzero*/-0.300334662199/0.95383387804/-9.6707375441e-10/*nonzero*/-3.75742020831e-10/8.9557039562e-10/1.0/*nonzero*/0.806259691715/0.564693033695/-1.13098347187/*nonzero*</complex>
		<field name="Enabled">true</field>
		<array name="HealthStates">
			<item ref="d89aaa7e-93e4-4ee1-be59-904b59bfda13" />
		</array>
		<array name="NeighbourLinks"></array>
		<field name="IsSupported">false</field>
		<field name="IsFragile">false</field>
		<field name="IsLoadBearing">false</field>
		<field name="CanTriggerCollapse">true</field>
		<field name="CanCollapse">true</field>
	</instance>
	<instance guid="B0372B7D-E414-46B3-BD6F-CB4538909DDA" type="GameSharedResources.PartComponentData">
		<array name="Components" />
		<field name="Enumeration">0</field>
		<field name="Name" />
		<complex name="Transform">0.979671239853/-0.200609713793/4.27338331388e-10/*nonzero*/0.200609713793/0.979671239853/-6.5428946705e-09/*nonzero*/8.9391744007e-10/6.49561426869e-09/1.0/*nonzero*/-0.742021501064/0.397217571735/-1.13968241215/*nonzero*</complex>
		<field name="Enabled">true</field>
		<array name="HealthStates">
			<item ref="e1bb5d05-e4af-40b7-bca3-5f930cce87c1" />
		</array>
		<array name="NeighbourLinks"></array>
		<field name="IsSupported">false</field>
		<field name="IsFragile">false</field>
		<field name="IsLoadBearing">false</field>
		<field name="CanTriggerCollapse">true</field>
		<field name="CanCollapse">true</field>
	</instance>
	<instance guid="9419ED89-C170-4913-A781-FCFEF221FB9D" type="GameSharedResources.PartComponentData">
		<array name="Components" />
		<field name="Enumeration">0</field>
		<field name="Name" />
		<complex name="Transform">0.991425156593/0.0243155453354/0.128393575549/*nonzero*/-3.90996923727e-08/0.982535541058/-0.186075091362/*nonzero*/-0.130675777793/0.184479534626/0.974110424519/*nonzero*/-0.313340634108/1.24709773064/0.233486413956/*nonzero*</complex>
		<field name="Enabled">true</field>
		<array name="HealthStates">
			<item ref="94dac8e6-f860-41c7-8ce9-0f600a5dd031" />
		</array>
		<array name="NeighbourLinks"></array>
		<field name="IsSupported">false</field>
		<field name="IsFragile">false</field>
		<field name="IsLoadBearing">false</field>
		<field name="CanTriggerCollapse">true</field>
		<field name="CanCollapse">true</field>
	</instance>
	<instance guid="E5A6EB72-9451-41C7-9944-4C97EE580DF2" type="GameSharedResources.EffectComponentData">
		<array name="Components" />
		<field name="Enumeration">0</field>
		<field name="Name" />
		<complex name="Transform">1.0/0/0/*nonzero*/0/1.0/0/*nonzero*/0/0/1.0/*nonzero*/0/0.517658472061/-1.03422379494/*nonzero*</complex>
		<field name="Enabled">true</field>
		<field ref="fx/firesmoke/heavyfire/fx_heavyfire_l/6ac4ed62-dbb8-48ae-9fc7-2942b79eff49" name="Effect" />
		<field name="StartTrigger">ectSpawn</field>
		<field name="StopTrigger">ectUnSpawn</field>
	</instance>
	<instance guid="5B2926C3-07BD-47F5-85DB-B9071BE6C036" type="GameSharedResources.EffectComponentData">
		<array name="Components" />
		<field name="Enumeration">0</field>
		<field name="Name" />
		<complex name="Transform">1.0/0/0/*nonzero*/0/1.0/0/*nonzero*/0/0/1.0/*nonzero*/0/1.12996673584/1.03362822533/*nonzero*</complex>
		<field name="Enabled">true</field>
		<field ref="fx/firesmoke/heavyfire/fx_heavyfire_s/5b917311-228b-44f8-98f8-239c2ca45a11" name="Effect" />
		<field name="StartTrigger">ectSpawn</field>
		<field name="StopTrigger">ectUnSpawn</field>
	</instance>
	<instance guid="AD5B590E-F518-41CB-BF2C-E3A4201552FB" type="GameSharedResources.HealthStateData">
		<array name="Effects" />
		<field ref="null" name="Explosion" />
		<array name="LoosePartPhysicsArray" />
		<field ref="null" name="SpawnedBanger" />
		<field name="CopyDamageToBanger">true</field>
		<field ref="null" name="LoosePartPhysics" />
		<field ref="null" name="SpawnedBangerImpulseParams" />
		<field name="MeshName">Wheel01</field>
		<field name="PreferedShapeType">STCylinderX</field>
		<field name="Health">100000.0</field>
	</instance>
	<instance guid="91171980-AC24-441C-B78B-9A9D42AD2A4E" type="GameSharedResources.HealthStateData">
		<array name="Effects" />
		<field ref="null" name="Explosion" />
		<array name="LoosePartPhysicsArray" />
		<field ref="null" name="SpawnedBanger" />
		<field name="CopyDamageToBanger">true</field>
		<field ref="null" name="LoosePartPhysics" />
		<field ref="null" name="SpawnedBangerImpulseParams" />
		<field name="MeshName">Wheel04</field>
		<field name="PreferedShapeType">STCylinderX</field>
		<field name="Health">100000.0</field>
	</instance>
	<instance guid="D89AAA7E-93E4-4EE1-BE59-904B59BFDA13" type="GameSharedResources.HealthStateData">
		<array name="Effects" />
		<field ref="null" name="Explosion" />
		<array name="LoosePartPhysicsArray" />
		<field ref="null" name="SpawnedBanger" />
		<field name="CopyDamageToBanger">true</field>
		<field ref="null" name="LoosePartPhysics" />
		<field ref="null" name="SpawnedBangerImpulseParams" />
		<field name="MeshName">Wheel02</field>
		<field name="PreferedShapeType">STCylinderX</field>
		<field name="Health">100.0</field>
	</instance>
	<instance guid="E1BB5D05-E4AF-40B7-BCA3-5F930CCE87C1" type="GameSharedResources.HealthStateData">
		<array name="Effects" />
		<field ref="null" name="Explosion" />
		<array name="LoosePartPhysicsArray" />
		<field ref="null" name="SpawnedBanger" />
		<field name="CopyDamageToBanger">true</field>
		<field ref="null" name="LoosePartPhysics" />
		<field ref="null" name="SpawnedBangerImpulseParams" />
		<field name="MeshName">Wheel03</field>
		<field name="PreferedShapeType">STCylinderX</field>
		<field name="Health">100000.0</field>
	</instance>
	<instance guid="94DAC8E6-F860-41C7-8CE9-0F600A5DD031" type="GameSharedResources.HealthStateData">
		<array name="Effects" />
		<field ref="null" name="Explosion" />
		<array name="LoosePartPhysicsArray" />
		<field ref="null" name="SpawnedBanger" />
		<field name="CopyDamageToBanger">true</field>
		<field ref="null" name="LoosePartPhysics" />
		<field ref="null" name="SpawnedBangerImpulseParams" />
		<field name="MeshName">Steering_Wheel</field>
		<field name="PreferedShapeType">STCylinderY</field>
		<field name="Health">100000.0</field>
	</instance>
	<instance guid="F662B524-5893-4CDE-99E6-51607BD50F2B" type="GameSharedResources.PartComponentData">
		<array name="Components" />
		<field name="Enumeration">0</field>
		<field name="Name" />
		<complex name="Transform">0.990308403969/0.138843551278/0.00342026120052/*nonzero*/-0.138885676861/0.990008056164/0.0243877544999/*nonzero*/-3.26349813839e-09/-0.0246264226735/0.999696731567/*nonzero*/-0.170906096697/1.2026873827/0.662023246288/*nonzero*</complex>
		<field name="Enabled">true</field>
		<array name="HealthStates">
			<item ref="06b3c479-3ebe-4c26-880b-dc4c85616509" />
		</array>
		<array name="NeighbourLinks"></array>
		<field name="IsSupported">false</field>
		<field name="IsFragile">false</field>
		<field name="IsLoadBearing">false</field>
		<field name="CanTriggerCollapse">true</field>
		<field name="CanCollapse">true</field>
	</instance>
	<instance guid="06B3C479-3EBE-4C26-880B-DC4C85616509" type="GameSharedResources.HealthStateData">
		<array name="Effects" />
		<field ref="null" name="Explosion" />
		<array name="LoosePartPhysicsArray" />
		<field ref="null" name="SpawnedBanger" />
		<field name="CopyDamageToBanger">true</field>
		<field ref="null" name="LoosePartPhysics" />
		<field ref="null" name="SpawnedBangerImpulseParams" />
		<field name="MeshName">wreckpart</field>
		<field name="PreferedShapeType">STBox</field>
		<field name="Health">100000.0</field>
	</instance>
</partition>
