<?xml version="1.0"?>
<partition guid="D7760FCF-84A2-4557-97C3-A6EE53E68B63" primaryInstance="7FC5B292-B84E-41A4-A2AA-BDFA01E35535" exportMode="All">
	<instance guid="7FC5B292-B84E-41A4-A2AA-BDFA01E35535" type="Entity.ObjectBlueprint" id="TimberPile">
		<field name="Name">Objects/Street_Objects/TimberPile/TimberPile</field>
		<field name="MemoryReportGroup">MemoryReportGroup_default</field>
		<array name="Objects" />
		<array name="EventConnections" />
		<array name="DataConnections" />
		<field ref="null" name="Descriptor" />
		<field ref="1ccf8b41-a26d-41f2-9b61-c8e755a1abfa" name="Object" />
	</instance>
	<instance guid="1CCF8B41-A26D-41F2-9B61-C8E755A1ABFA" type="GameSharedResources.StaticModelEntityData">
		<array name="Components" />
		<field name="Enumeration">0</field>
		<field name="Name">Objects/Street_Objects/TimberPile/TimberPile</field>
		<complex name="Transform">1.0/0/0/*zero*/0/1.0/0/*zero*/0/0/1.0/*zero*/0/0/0/*zero*</complex>
		<field name="Enabled">true</field>
		<field ref="01993a73-dd29-4621-8b54-4a2efa4d5a6e" name="PhysicsData" />
		<field name="Material">Default</field>
		<field name="IsObsolete">false</field>
		<field ref="null" name="ReplacementObject" />
		<array name="ObjectSets" />
		<array name="PartLinks" />
		<field ref="null" name="DetailedTreeBanger" />
		<field ref="null" name="TreeBanger" />
		<field ref="objects/street_objects/timberpile/timberpile_mesh/7d74b3f0-e2e8-11dd-bb49-fde3de6df507" name="Mesh" />
		<field ref="null" name="AnimatedMesh" />
		<field name="RequiresMesh">true</field>
		<field ref="null" name="MeshShaderSet" />
		<field ref="null" name="PhysicsMaterialSet" />
		<field name="DoNotCastShadow">false</field>
		<field name="LightMapEnable">false</field>
		<field name="LightMapResolution">512</field>
		<field name="IrradianceVolumeReceiver">false</field>
		<field name="DestroyRuinPartPercentage">75.0</field>
		<field name="AboutToBeDestroyedTime">0</field>
		<field name="ManyPartsDestroyedPercentage">80.0</field>
		<array name="VisualTransformModifiers" />
		<array name="AnimTrees" />
		<field ref="null" name="Animation" />
		<array name="AnimationVariations" />
		<field name="StartAnimationOnCreation">true</field>
		<field name="LoopAnimation">false</field>
		<field name="AnimationCullDistance">-1.0</field>
		<complex name="BoundingBoxModifier">1.0/1.0/1.0/*zero*</complex>
		<field ref="null" name="EdgeModelGenerationSettings" />
		<field ref="null" name="EdgeModels" />
		<field ref="null" name="EdgeModelLodBox" />
		<field name="NeedsDetailedPathfinding">false</field>
		<field name="ExcludeFromPathfinding">false</field>
		<field name="ForbidPathfinding">true</field>
		<field name="LocalPathfinding">false</field>
		<field name="AllowPathdataSeeds">false</field>
		<field name="DisablePathfinding">PdtNever</field>
		<field name="AllowExplosiveTracking">false</field>
		<array name="SkinnedMeshTransforms"></array>
	</instance>
	<instance guid="01993A73-DD29-4621-8B54-4A2EFA4D5A6E" type="Physics.PhysicsEntityData">
		<field ref="objects/street_objects/timberpile/timberpile_havok/7de96ec0-e2e8-11dd-b8c3-ba3beab01f44" name="Asset" />
		<field ref="null" name="FloatPhysics" />
		<field name="Mass">-1.0</field>
		<field name="AllowZeroMayaMass">false</field>
		<complex name="InertiaModifier">1.0/1.0/1.0/*nonzero*</complex>
		<field name="Friction">-1.0</field>
		<field name="Restitution">-1.0</field>
		<field ref="null" name="Proximity" />
	</instance>
	<instance guid="FA5C7B56-1848-4B03-9589-03E0062ABA76" type="Entity.ObjectSet">
		<array name="Components">
			<item ref="ab4a959b-ae0d-498d-ac5d-1a78426227fd" />
			<item ref="700babf6-107d-414d-a0d4-2433708a38d0" />
			<item ref="5ddb5d84-a839-439e-8c93-4462f880dc3e" />
			<item ref="7c8af08a-45ef-427e-9caa-87cf11dabf98" />
		</array>
		<field name="Enumeration">0</field>
		<field name="Name" />
		<complex name="Transform">1.0/0/0/*nonzero*/0/1.0/0/*nonzero*/0/0/1.0/*nonzero*/0/0/0/*nonzero*</complex>
		<field name="Enabled">true</field>
		<array name="Connections" />
	</instance>
	<instance guid="AB4A959B-AE0D-498D-AC5D-1A78426227FD" type="Entity.ReferenceObjectData">
		<array name="Components" />
		<field name="Enumeration">0</field>
		<field name="Name" />
		<complex name="Transform">0.570071101189/0.821564733982/-0.00705026090145/*nonzero*/0.821582257748/-0.57008767128/-0.000541626883205/*nonzero*/-0.00446424866095/-0.00548360310495/-0.999973356724/*nonzero*/-1.89440631866/0.322545111179/0.0924811661243/*nonzero*</complex>
		<field ref="7fc5b292-b84e-41a4-a2aa-bdfa01e35535" name="ReferencedObject" />
		<array name="ObjectSets" />
		<array name="VisualTransformModifiers" />
		<field ref="null" name="MeshShaderSet" />
		<field ref="null" name="PhysicsMaterialSet" />
		<field name="OverrideScreenAreaCulling">false</field>
		<field name="IsInObjectSet">false</field>
	</instance>
	<instance guid="700BABF6-107D-414D-A0D4-2433708A38D0" type="Entity.ReferenceObjectData">
		<array name="Components" />
		<field name="Enumeration">0</field>
		<field name="Name" />
		<complex name="Transform">0.511570990086/0.859204530716/0.0079102255404/*nonzero*/-0.85924077034/0.511554539204/0.00412922678515/*nonzero*/-0.000498660781886/-0.00890918262303/0.999960184097/*nonzero*/-0.216097176075/0.12591356039/-0.121139258146/*nonzero*</complex>
		<field ref="7fc5b292-b84e-41a4-a2aa-bdfa01e35535" name="ReferencedObject" />
		<array name="ObjectSets" />
		<array name="VisualTransformModifiers" />
		<field ref="null" name="MeshShaderSet" />
		<field ref="null" name="PhysicsMaterialSet" />
		<field name="OverrideScreenAreaCulling">false</field>
		<field name="IsInObjectSet">false</field>
	</instance>
	<instance guid="5DDB5D84-A839-439E-8C93-4462F880DC3E" type="Entity.ReferenceObjectData">
		<array name="Components" />
		<field name="Enumeration">0</field>
		<field name="Name" />
		<complex name="Transform">0.996908783913/-0.0782481059432/0.00707989605144/*nonzero*/0.0781708434224/0.996883630753/0.0106011452153/*nonzero*/-0.00788735225797/-0.010014933534/0.999918758869/*nonzero*/-0.588453292847/1.18078756332/-0.014179745689/*nonzero*</complex>
		<field ref="7fc5b292-b84e-41a4-a2aa-bdfa01e35535" name="ReferencedObject" />
		<array name="ObjectSets" />
		<array name="VisualTransformModifiers" />
		<field ref="null" name="MeshShaderSet" />
		<field ref="null" name="PhysicsMaterialSet" />
		<field name="OverrideScreenAreaCulling">false</field>
		<field name="IsInObjectSet">false</field>
	</instance>
	<instance guid="7C8AF08A-45EF-427E-9CAA-87CF11DABF98" type="Entity.ReferenceObjectData">
		<array name="Components" />
		<field name="Enumeration">0</field>
		<field name="Name" />
		<complex name="Transform">0.999987304211/0/-0.0050386977382/*nonzero*/0/1.0/0/*nonzero*/0.0050386977382/0/0.999987304211/*nonzero*/-1.06593263149/1.10033679008/-0.0943682193756/*nonzero*</complex>
		<field ref="objects/street_objects/timberlong_t01v01_br_dy/timberlong_t01v01_br_dy/a9d3dff2-bf0f-41fb-a347-12033c16953a" name="ReferencedObject" />
		<array name="ObjectSets" />
		<array name="VisualTransformModifiers" />
		<field ref="null" name="MeshShaderSet" />
		<field ref="null" name="PhysicsMaterialSet" />
		<field name="OverrideScreenAreaCulling">false</field>
		<field name="IsInObjectSet">false</field>
	</instance>
	<instance guid="954A94E5-FC57-41ED-AEF0-FF457D88C09B" type="Entity.ObjectSet">
		<array name="Components">
			<item ref="a138857e-bdab-48c0-b8de-b07ce81a9990" />
			<item ref="887cc30d-0341-4fa8-aee2-5cce1bf838ce" />
			<item ref="c464684c-935e-42c5-ac35-48df2649b269" />
			<item ref="ad7022f5-1c68-42c7-b4f7-1f0de69c2cfd" />
		</array>
		<field name="Enumeration">0</field>
		<field name="Name" />
		<complex name="Transform">1.0/0/0/*nonzero*/0/1.0/0/*nonzero*/0/0/1.0/*nonzero*/0/0/0/*nonzero*</complex>
		<field name="Enabled">true</field>
		<array name="Connections" />
	</instance>
	<instance guid="A138857E-BDAB-48C0-B8DE-B07CE81A9990" type="Entity.ReferenceObjectData">
		<array name="Components" />
		<field name="Enumeration">0</field>
		<field name="Name" />
		<complex name="Transform">0.999989807606/0/-0.00450998265296/*nonzero*/0/1.0/0/*nonzero*/0.00450998265296/0/0.999989807606/*nonzero*/-2.99013185501/0/3.72529029846e-09/*nonzero*</complex>
		<field ref="7fc5b292-b84e-41a4-a2aa-bdfa01e35535" name="ReferencedObject" />
		<array name="ObjectSets" />
		<array name="VisualTransformModifiers" />
		<field ref="null" name="MeshShaderSet" />
		<field ref="null" name="PhysicsMaterialSet" />
		<field name="OverrideScreenAreaCulling">false</field>
		<field name="IsInObjectSet">false</field>
	</instance>
	<instance guid="887CC30D-0341-4FA8-AEE2-5CCE1BF838CE" type="Entity.ReferenceObjectData">
		<array name="Components" />
		<field name="Enumeration">0</field>
		<field name="Name" />
		<complex name="Transform">-0.493604928255/0.869615614414/-0.0110783055425/*nonzero*/0.869670629501/0.493632316589/-0.000305965542793/*nonzero*/0.00520253647119/-0.00978550314903/-0.999938488007/*nonzero*/-2.01405334473/0.43542611599/-2.21189111471e-09/*nonzero*</complex>
		<field ref="7fc5b292-b84e-41a4-a2aa-bdfa01e35535" name="ReferencedObject" />
		<array name="ObjectSets" />
		<array name="VisualTransformModifiers" />
		<field ref="null" name="MeshShaderSet" />
		<field ref="null" name="PhysicsMaterialSet" />
		<field name="OverrideScreenAreaCulling">false</field>
		<field name="IsInObjectSet">false</field>
	</instance>
	<instance guid="C464684C-935E-42C5-AC35-48DF2649B269" type="Entity.ReferenceObjectData">
		<array name="Components" />
		<field name="Enumeration">0</field>
		<field name="Name" />
		<complex name="Transform">0.99623054266/-0.0867339596152/0.0013777151471/*nonzero*/0.0867449045181/0.996104896069/-0.0158224962652/*nonzero*/-7.31443183799e-10/0.0158823654056/0.999873876572/*nonzero*/-1.79119503498/1.544023633/-2.15368323175e-09/*nonzero*</complex>
		<field ref="7fc5b292-b84e-41a4-a2aa-bdfa01e35535" name="ReferencedObject" />
		<array name="ObjectSets" />
		<array name="VisualTransformModifiers" />
		<field ref="null" name="MeshShaderSet" />
		<field ref="null" name="PhysicsMaterialSet" />
		<field name="OverrideScreenAreaCulling">false</field>
		<field name="IsInObjectSet">false</field>
	</instance>
	<instance guid="AD7022F5-1C68-42C7-B4F7-1F0DE69C2CFD" type="Entity.ReferenceObjectData">
		<array name="Components" />
		<field name="Enumeration">0</field>
		<field name="Name" />
		<complex name="Transform">0.99999499321/-0.00314257922582/0.000332288094796/*nonzero*/0.0031170186121/0.99819791317/0.0599266029894/*nonzero*/-0.000520013389178/-0.0599252693355/0.998202741146/*nonzero*/-0.562121748924/1.78130936623/3.72529029846e-09/*nonzero*</complex>
		<field ref="objects/street_objects/timberlong_t01v01_br_dy/timberlong_t01v01_br_dy/a9d3dff2-bf0f-41fb-a347-12033c16953a" name="ReferencedObject" />
		<array name="ObjectSets" />
		<array name="VisualTransformModifiers" />
		<field ref="null" name="MeshShaderSet" />
		<field ref="null" name="PhysicsMaterialSet" />
		<field name="OverrideScreenAreaCulling">false</field>
		<field name="IsInObjectSet">false</field>
	</instance>
</partition>
